"year","month","day","weight","flag","station","co2"
1958,03,29,4,0,MLO,316.10
1958,04,05,6,0,MLO,317.30
1958,04,12,4,0,MLO,317.60
1958,04,19,6,0,MLO,317.50
1958,04,26,2,0,MLO,316.40
1958,05,03,6,0,MLO,316.90
1958,05,17,1,0,MLO,317.50
1958,05,24,5,0,MLO,317.90
1958,07,05,2,0,MLO,315.80
1958,07,12,4,0,MLO,315.80
1958,07,19,4,0,MLO,315.40
1958,07,26,7,0,MLO,315.50
1958,08,02,3,0,MLO,315.60
1958,08,09,4,0,MLO,315.10
1958,08,16,3,0,MLO,315.00
1958,08,30,5,0,MLO,314.10
1958,09,06,1,0,MLO,313.50
1958,11,08,4,0,MLO,313.00
1958,11,15,7,0,MLO,313.20
1958,11,22,5,0,MLO,313.50
1958,11,29,7,0,MLO,314.00
1958,12,06,6,0,MLO,314.50
1958,12,13,7,0,MLO,314.40
1958,12,20,4,0,MLO,314.70
1958,12,27,2,0,MLO,315.20
1959,01,03,3,0,MLO,315.20
1959,01,10,7,0,MLO,315.50
1959,01,17,7,0,MLO,315.60
1959,01,24,5,0,MLO,315.80
1959,01,31,2,0,MLO,315.40
1959,02,14,1,0,MLO,316.90
1959,02,21,7,0,MLO,316.60
1959,02,28,3,0,MLO,316.60
1959,03,07,7,0,MLO,316.80
1959,03,21,4,0,MLO,316.70
1959,03,28,6,0,MLO,316.70
1959,04,04,7,0,MLO,317.70
1959,04,11,7,0,MLO,317.10
1959,04,18,6,0,MLO,317.60
1959,04,25,5,0,MLO,318.30
1959,05,02,3,0,MLO,318.20
1959,05,09,1,0,MLO,318.70
1959,05,16,7,0,MLO,318.00
1959,05,23,5,0,MLO,318.40
1959,06,06,7,0,MLO,318.50
1959,06,13,5,0,MLO,318.10
1959,06,20,5,0,MLO,317.80
1959,06,27,2,0,MLO,317.70
1959,07,04,7,0,MLO,316.80
1959,07,11,7,0,MLO,316.80
1959,07,18,5,0,MLO,316.40
1959,07,25,4,0,MLO,316.10
1959,08,01,7,0,MLO,315.60
1959,08,08,3,0,MLO,314.90
1959,08,22,1,0,MLO,315.00
1959,08,29,4,0,MLO,314.10
1959,09,05,5,0,MLO,314.40
1959,09,12,3,0,MLO,313.90
1959,09,19,5,0,MLO,313.50
1959,09,26,4,0,MLO,313.50
1959,10,03,6,0,MLO,313.00
1959,10,10,3,0,MLO,313.10
1959,10,17,7,0,MLO,313.40
1959,10,24,7,0,MLO,313.40
1959,10,31,7,0,MLO,314.10
1959,11,07,2,0,MLO,314.40
1959,11,14,5,0,MLO,314.80
1959,11,21,6,0,MLO,315.20
1959,11,28,5,0,MLO,315.10
1959,12,05,4,0,MLO,315.00
1959,12,12,5,0,MLO,315.60
1959,12,19,6,0,MLO,315.80
1959,12,26,6,0,MLO,315.70
1960,01,02,4,0,MLO,315.70
1960,01,09,5,0,MLO,316.40
1960,01,16,6,0,MLO,316.70
1960,01,23,5,0,MLO,316.50
1960,01,30,6,0,MLO,316.60
1960,02,06,2,0,MLO,316.60
1960,02,13,6,0,MLO,316.90
1960,02,20,4,0,MLO,317.40
1960,02,27,5,0,MLO,317.00
1960,03,05,7,0,MLO,316.90
1960,03,12,7,0,MLO,317.70
1960,03,19,4,0,MLO,318.00
1960,03,26,6,0,MLO,317.70
1960,04,02,5,0,MLO,318.60
1960,04,09,3,0,MLO,319.30
1960,04,16,7,0,MLO,319.00
1960,04,23,7,0,MLO,319.00
1960,04,30,1,0,MLO,319.70
1960,05,07,6,0,MLO,319.90
1960,05,14,5,0,MLO,319.80
1960,05,21,6,0,MLO,320.00
1960,05,28,7,0,MLO,320.00
1960,06,04,3,0,MLO,319.40
1960,06,11,5,0,MLO,320.00
1960,06,18,3,0,MLO,319.40
1960,06,25,2,0,MLO,319.00
1960,07,02,5,0,MLO,318.10
1960,07,09,4,0,MLO,318.60
1960,07,16,5,0,MLO,318.40
1960,07,23,6,0,MLO,317.90
1960,07,30,5,0,MLO,317.30
1960,08,06,3,0,MLO,316.60
1960,08,13,6,0,MLO,316.70
1960,08,20,5,0,MLO,315.10
1960,08,27,5,0,MLO,314.70
1960,09,03,7,0,MLO,314.70
1960,09,10,7,0,MLO,314.50
1960,09,17,6,0,MLO,314.20
1960,09,24,5,0,MLO,313.30
1960,10,01,2,0,MLO,313.60
1960,10,08,4,0,MLO,313.30
1960,10,15,5,0,MLO,313.90
1960,10,22,6,0,MLO,314.20
1960,10,29,3,0,MLO,314.20
1960,11,05,7,0,MLO,314.50
1960,11,12,6,0,MLO,315.10
1960,11,19,7,0,MLO,315.10
1960,11,26,7,0,MLO,315.40
1960,12,03,5,0,MLO,315.80
1960,12,10,7,0,MLO,316.00
1960,12,17,7,0,MLO,316.20
1960,12,24,5,0,MLO,316.40
1960,12,31,7,0,MLO,316.60
1961,01,07,6,0,MLO,316.70
1961,01,14,7,0,MLO,317.00
1961,01,21,7,0,MLO,317.00
1961,01,28,7,0,MLO,317.00
1961,02,04,6,0,MLO,317.00
1961,02,11,6,0,MLO,317.70
1961,02,18,7,0,MLO,317.90
1961,02,25,7,0,MLO,318.00
1961,03,04,5,0,MLO,318.00
1961,03,11,4,0,MLO,318.50
1961,03,18,6,0,MLO,318.90
1961,03,25,7,0,MLO,318.70
1961,04,01,7,0,MLO,319.40
1961,04,08,6,0,MLO,319.50
1961,04,15,7,0,MLO,318.90
1961,04,22,6,0,MLO,319.70
1961,04,29,6,0,MLO,319.60
1961,05,06,7,0,MLO,320.60
1961,05,13,3,0,MLO,320.40
1961,05,20,6,0,MLO,320.60
1961,05,27,7,0,MLO,320.30
1961,06,03,6,0,MLO,320.00
1961,06,10,5,0,MLO,320.00
1961,06,17,7,0,MLO,319.60
1961,06,24,6,0,MLO,319.40
1961,07,01,5,0,MLO,319.20
1961,07,08,6,0,MLO,319.00
1961,07,15,5,0,MLO,318.40
1961,07,22,1,0,MLO,317.10
1961,07,29,3,0,MLO,317.90
1961,08,05,7,0,MLO,317.90
1961,08,12,2,0,MLO,317.30
1961,08,19,5,0,MLO,316.70
1961,08,26,6,0,MLO,315.20
1961,09,02,5,0,MLO,315.20
1961,09,09,5,0,MLO,314.90
1961,09,16,5,0,MLO,314.50
1961,09,23,4,0,MLO,315.00
1961,09,30,4,0,MLO,315.60
1961,10,07,5,0,MLO,314.90
1961,10,14,7,0,MLO,315.40
1961,10,21,7,0,MLO,315.40
1961,10,28,6,0,MLO,315.70
1961,11,04,6,0,MLO,315.80
1961,11,11,5,0,MLO,315.70
1961,11,18,7,0,MLO,316.20
1961,11,25,6,0,MLO,316.50
1961,12,02,5,0,MLO,316.50
1961,12,09,5,0,MLO,317.00
1961,12,16,6,0,MLO,316.90
1961,12,23,3,0,MLO,317.10
1961,12,30,7,0,MLO,317.40
1962,01,06,5,0,MLO,317.90
1962,01,13,7,0,MLO,318.10
1962,01,20,5,0,MLO,318.00
1962,01,27,7,0,MLO,317.70
1962,02,03,7,0,MLO,318.00
1962,02,10,4,0,MLO,318.30
1962,02,17,4,0,MLO,318.90
1962,02,24,1,0,MLO,319.30
1962,03,03,6,0,MLO,319.20
1962,03,10,6,0,MLO,319.40
1962,03,17,7,0,MLO,319.90
1962,03,24,4,0,MLO,319.70
1962,03,31,5,0,MLO,320.20
1962,04,07,3,0,MLO,320.20
1962,04,14,6,0,MLO,321.00
1962,04,21,2,0,MLO,320.70
1962,04,28,5,0,MLO,320.30
1962,05,05,4,0,MLO,320.80
1962,05,12,5,0,MLO,320.70
1962,05,19,5,0,MLO,321.00
1962,05,26,5,0,MLO,321.10
1962,06,02,6,0,MLO,320.90
1962,06,09,5,0,MLO,320.80
1962,06,16,6,0,MLO,320.50
1962,06,23,6,0,MLO,320.10
1962,06,30,7,0,MLO,320.20
1962,07,07,6,0,MLO,320.10
1962,07,14,3,0,MLO,319.90
1962,07,21,2,0,MLO,319.00
1962,07,28,7,0,MLO,318.70
1962,08,04,3,0,MLO,318.60
1962,08,11,6,0,MLO,317.20
1962,08,18,3,0,MLO,317.40
1962,09,15,5,0,MLO,316.60
1962,09,22,4,0,MLO,315.70
1962,09,29,7,0,MLO,315.90
1962,10,06,5,0,MLO,315.10
1962,10,13,4,0,MLO,315.40
1962,10,20,5,0,MLO,315.70
1962,10,27,5,0,MLO,315.70
1962,11,03,5,0,MLO,315.90
1962,11,10,6,0,MLO,316.40
1962,11,17,7,0,MLO,316.90
1962,11,24,7,0,MLO,317.00
1962,12,01,7,0,MLO,317.10
1962,12,08,5,0,MLO,317.30
1962,12,15,7,0,MLO,317.60
1962,12,22,4,0,MLO,318.10
1963,01,05,5,0,MLO,318.50
1963,01,12,7,0,MLO,318.70
1963,01,19,7,0,MLO,318.90
1963,01,26,7,0,MLO,318.80
1963,02,02,7,0,MLO,318.70
1963,02,09,7,0,MLO,318.90
1963,02,23,2,0,MLO,319.30
1963,03,02,5,0,MLO,319.30
1963,03,09,6,0,MLO,319.70
1963,03,16,5,0,MLO,319.80
1963,03,23,7,0,MLO,320.30
1963,03,30,5,0,MLO,320.20
1963,04,06,3,0,MLO,320.30
1963,04,13,6,0,MLO,320.90
1963,04,20,6,0,MLO,322.00
1963,04,27,6,0,MLO,321.90
1963,05,11,3,0,MLO,321.90
1963,05,18,5,0,MLO,322.20
1963,05,25,6,0,MLO,322.20
1963,06,01,3,0,MLO,322.30
1963,06,08,2,0,MLO,322.00
1963,06,15,6,0,MLO,321.80
1963,06,22,4,0,MLO,320.80
1963,06,29,7,0,MLO,320.40
1963,07,06,7,0,MLO,320.10
1963,07,13,5,0,MLO,319.80
1963,07,20,7,0,MLO,319.50
1963,07,27,6,0,MLO,319.00
1963,08,03,3,0,MLO,318.60
1963,08,10,7,0,MLO,318.20
1963,08,17,3,0,MLO,317.70
1963,08,24,7,0,MLO,317.10
1963,08,31,3,0,MLO,316.40
1963,09,07,7,0,MLO,316.80
1963,09,14,7,0,MLO,315.90
1963,09,21,5,0,MLO,316.00
1963,09,28,4,0,MLO,315.90
1963,10,05,3,0,MLO,316.20
1963,10,12,7,0,MLO,315.60
1963,10,19,6,0,MLO,316.10
1963,10,26,7,0,MLO,316.30
1963,11,02,4,0,MLO,316.60
1963,11,09,6,0,MLO,316.80
1963,11,16,1,0,MLO,317.10
1963,11,30,5,0,MLO,317.50
1963,12,07,6,0,MLO,318.00
1963,12,14,4,0,MLO,318.20
1963,12,21,7,0,MLO,318.50
1963,12,28,7,0,MLO,318.70
1964,01,04,6,0,MLO,319.00
1964,01,11,6,0,MLO,319.40
1964,01,18,6,0,MLO,319.80
1964,05,30,2,0,MLO,322.00
1964,06,06,4,0,MLO,322.00
1964,06,27,3,0,MLO,321.50
1964,07,04,4,0,MLO,321.10
1964,07,11,2,0,MLO,319.90
1964,07,18,7,0,MLO,320.20
1964,07,25,5,0,MLO,320.00
1964,08,01,2,0,MLO,319.10
1964,08,15,4,0,MLO,318.60
1964,08,22,6,0,MLO,318.20
1964,08,29,5,0,MLO,318.10
1964,09,05,5,0,MLO,317.40
1964,09,12,4,0,MLO,316.50
1964,09,19,2,0,MLO,315.50
1964,09,26,2,0,MLO,317.00
1964,10,03,4,0,MLO,316.90
1964,10,10,7,0,MLO,316.50
1964,10,17,7,0,MLO,316.80
1964,10,24,2,0,MLO,317.00
1964,10,31,6,0,MLO,317.60
1964,11,07,7,0,MLO,317.70
1964,11,14,7,0,MLO,317.60
1964,11,21,6,0,MLO,317.50
1964,11,28,6,0,MLO,318.10
1964,12,05,6,0,MLO,318.40
1964,12,12,7,0,MLO,318.50
1964,12,19,7,0,MLO,318.90
1964,12,26,6,0,MLO,318.90
1965,01,02,5,0,MLO,319.00
1965,01,09,7,0,MLO,319.10
1965,01,16,7,0,MLO,319.10
1965,01,23,4,0,MLO,319.70
1965,01,30,7,0,MLO,320.10
1965,02,06,7,0,MLO,320.20
1965,02,13,7,0,MLO,320.10
1965,02,20,7,0,MLO,320.70
1965,02,27,6,0,MLO,320.80
1965,03,06,5,0,MLO,321.00
1965,03,13,7,0,MLO,320.90
1965,03,20,7,0,MLO,320.40
1965,03,27,7,0,MLO,321.40
1965,04,03,7,0,MLO,321.90
1965,04,10,4,0,MLO,322.20
1965,04,17,7,0,MLO,322.10
1965,04,24,5,0,MLO,321.80
1965,05,01,7,0,MLO,322.40
1965,05,08,6,0,MLO,322.20
1965,05,15,7,0,MLO,321.90
1965,05,22,7,0,MLO,321.60
1965,05,29,5,0,MLO,322.20
1965,06,05,7,0,MLO,321.80
1965,06,12,7,0,MLO,321.70
1965,06,19,7,0,MLO,321.70
1965,06,26,6,0,MLO,321.90
1965,07,03,7,0,MLO,321.90
1965,07,10,6,0,MLO,321.80
1965,07,17,3,0,MLO,321.70
1965,07,24,6,0,MLO,320.40
1965,07,31,5,0,MLO,319.40
1965,08,07,7,0,MLO,319.40
1965,08,14,5,0,MLO,318.00
1965,08,21,6,0,MLO,318.80
1965,08,28,3,0,MLO,318.70
1965,09,04,7,0,MLO,318.30
1965,09,11,4,0,MLO,318.00
1965,09,18,6,0,MLO,318.20
1965,09,25,6,0,MLO,316.80
1965,10,02,6,0,MLO,316.60
1965,10,09,7,0,MLO,317.20
1965,10,16,7,0,MLO,317.80
1965,10,23,7,0,MLO,317.50
1965,10,30,7,0,MLO,317.60
1965,11,06,7,0,MLO,318.30
1965,11,13,7,0,MLO,319.20
1965,11,20,7,0,MLO,318.90
1965,11,27,7,0,MLO,319.10
1965,12,04,7,0,MLO,319.00
1965,12,11,5,0,MLO,319.30
1965,12,18,6,0,MLO,319.30
1965,12,25,6,0,MLO,319.70
1966,01,01,7,0,MLO,319.60
1966,01,08,7,0,MLO,320.40
1966,01,15,7,0,MLO,320.60
1966,01,22,7,0,MLO,321.00
1966,01,29,7,0,MLO,321.10
1966,02,05,7,0,MLO,321.20
1966,02,12,6,0,MLO,321.70
1966,02,19,7,0,MLO,321.60
1966,02,26,7,0,MLO,321.80
1966,03,05,4,0,MLO,322.10
1966,03,12,5,0,MLO,322.10
1966,03,19,6,0,MLO,322.50
1966,03,26,5,0,MLO,322.80
1966,04,02,7,0,MLO,323.50
1966,04,09,3,0,MLO,323.60
1966,04,16,7,0,MLO,323.80
1966,04,23,4,0,MLO,323.90
1966,04,30,6,0,MLO,323.50
1966,05,07,6,0,MLO,324.00
1966,05,14,7,0,MLO,324.10
1966,05,21,7,0,MLO,323.70
1966,05,28,7,0,MLO,324.30
1966,06,04,7,0,MLO,324.00
1966,06,11,7,0,MLO,323.80
1966,06,18,7,0,MLO,323.70
1966,06,25,6,0,MLO,323.30
1966,07,02,5,0,MLO,322.80
1966,07,09,6,0,MLO,322.90
1966,08,06,4,0,MLO,321.30
1966,08,13,3,0,MLO,320.80
1966,08,20,3,0,MLO,319.10
1966,08,27,7,0,MLO,319.60
1966,09,03,4,0,MLO,319.90
1966,09,10,3,0,MLO,318.20
1966,09,17,7,0,MLO,318.40
1966,09,24,5,0,MLO,318.30
1966,10,01,6,0,MLO,317.90
1966,10,08,7,0,MLO,317.90
1966,10,15,4,0,MLO,318.20
1966,10,22,4,0,MLO,318.60
1966,10,29,6,0,MLO,318.30
1966,11,12,4,0,MLO,319.50
1966,11,19,5,0,MLO,320.00
1966,11,26,6,0,MLO,320.20
1966,12,03,3,0,MLO,320.80
1966,12,10,7,0,MLO,320.80
1966,12,17,5,0,MLO,321.10
1966,12,24,4,0,MLO,321.30
1966,12,31,7,0,MLO,321.30
1967,01,07,6,0,MLO,321.90
1967,01,14,2,0,MLO,322.90
1967,02,04,5,0,MLO,322.10
1967,02,11,5,0,MLO,322.20
1967,02,18,6,0,MLO,322.80
1967,02,25,4,0,MLO,322.60
1967,03,04,6,0,MLO,322.90
1967,03,11,6,0,MLO,322.60
1967,03,18,4,0,MLO,323.30
1967,03,25,2,0,MLO,323.20
1967,04,01,3,0,MLO,323.10
1967,04,08,7,0,MLO,324.20
1967,04,15,5,0,MLO,324.40
1967,04,22,3,0,MLO,324.60
1967,04,29,6,0,MLO,325.10
1967,05,06,1,0,MLO,325.20
1967,05,13,5,0,MLO,324.70
1967,05,20,5,0,MLO,325.00
1967,05,27,5,0,MLO,324.90
1967,06,03,4,0,MLO,324.90
1967,06,10,6,0,MLO,324.60
1967,06,17,4,0,MLO,323.30
1967,06,24,6,0,MLO,323.50
1967,07,01,6,0,MLO,322.80
1967,07,08,7,0,MLO,322.80
1967,07,15,5,0,MLO,322.40
1967,07,22,5,0,MLO,322.40
1967,07,29,6,0,MLO,322.00
1967,08,05,7,0,MLO,321.60
1967,08,12,5,0,MLO,321.40
1967,08,19,5,0,MLO,320.40
1967,08,26,5,0,MLO,320.00
1967,09,02,4,0,MLO,320.00
1967,09,09,6,0,MLO,319.40
1967,09,16,7,0,MLO,319.30
1967,09,23,7,0,MLO,319.00
1967,09,30,7,0,MLO,318.80
1967,10,07,7,0,MLO,318.80
1967,10,14,6,0,MLO,319.80
1967,10,21,7,0,MLO,319.40
1967,10,28,7,0,MLO,319.80
1967,11,04,7,0,MLO,320.00
1967,11,11,7,0,MLO,320.30
1967,11,18,7,0,MLO,320.90
1967,11,25,7,0,MLO,321.50
1967,12,02,7,0,MLO,321.40
1967,12,09,7,0,MLO,321.80
1967,12,16,7,0,MLO,322.20
1967,12,23,7,0,MLO,321.90
1967,12,30,7,0,MLO,322.30
1968,01,06,7,0,MLO,322.40
1968,01,13,7,0,MLO,322.50
1968,01,20,6,0,MLO,322.50
1968,01,27,7,0,MLO,322.80
1968,02,03,7,0,MLO,322.60
1968,02,10,7,0,MLO,323.10
1968,02,17,7,0,MLO,323.40
1968,02,24,7,0,MLO,323.10
1968,03,02,6,0,MLO,323.10
1968,03,09,4,0,MLO,323.80
1968,03,16,6,0,MLO,323.80
1968,03,23,6,0,MLO,324.20
1968,03,30,5,0,MLO,324.70
1968,04,06,7,0,MLO,324.70
1968,04,13,6,0,MLO,325.00
1968,04,20,5,0,MLO,324.80
1968,04,27,7,0,MLO,325.40
1968,05,04,7,0,MLO,325.60
1968,05,11,7,0,MLO,325.00
1968,05,18,6,0,MLO,325.50
1968,05,25,7,0,MLO,325.80
1968,06,01,5,0,MLO,325.60
1968,06,08,7,0,MLO,325.70
1968,06,15,4,0,MLO,325.50
1968,06,22,4,0,MLO,324.90
1968,06,29,5,0,MLO,324.60
1968,07,06,6,0,MLO,324.70
1968,07,13,7,0,MLO,324.10
1968,07,20,7,0,MLO,323.90
1968,07,27,7,0,MLO,323.40
1968,08,03,5,0,MLO,322.40
1968,08,10,5,0,MLO,322.20
1968,08,17,3,0,MLO,322.00
1968,08,24,6,0,MLO,321.70
1968,08,31,6,0,MLO,321.40
1968,09,07,7,0,MLO,320.40
1968,09,14,7,0,MLO,321.10
1968,09,21,7,0,MLO,319.70
1968,09,28,7,0,MLO,319.80
1968,10,05,7,0,MLO,320.50
1968,10,12,6,0,MLO,320.50
1968,10,19,7,0,MLO,320.20
1968,10,26,7,0,MLO,319.90
1968,11,02,5,0,MLO,320.70
1968,11,09,7,0,MLO,320.80
1968,11,16,7,0,MLO,321.40
1968,11,23,7,0,MLO,321.70
1968,11,30,6,0,MLO,322.00
1968,12,07,4,0,MLO,322.40
1968,12,14,7,0,MLO,322.90
1968,12,21,5,0,MLO,323.30
1968,12,28,6,0,MLO,323.10
1969,01,04,6,0,MLO,323.30
1969,01,11,6,0,MLO,324.00
1969,01,18,6,0,MLO,324.30
1969,01,25,7,0,MLO,324.10
1969,02,01,7,0,MLO,324.10
1969,02,08,5,0,MLO,323.90
1969,02,15,5,0,MLO,324.30
1969,02,22,5,0,MLO,324.80
1969,03,01,7,0,MLO,325.10
1969,03,08,7,0,MLO,325.50
1969,03,15,7,0,MLO,325.70
1969,03,22,6,0,MLO,325.90
1969,03,29,7,0,MLO,325.80
1969,04,05,7,0,MLO,326.20
1969,04,12,7,0,MLO,327.10
1969,04,19,6,0,MLO,326.50
1969,04,26,6,0,MLO,326.50
1969,05,03,7,0,MLO,327.50
1969,05,10,7,0,MLO,327.80
1969,05,17,6,0,MLO,326.80
1969,05,24,7,0,MLO,326.90
1969,05,31,5,0,MLO,327.40
1969,06,07,6,0,MLO,326.50
1969,06,14,4,0,MLO,326.70
1969,06,21,5,0,MLO,326.70
1969,06,28,7,0,MLO,326.30
1969,07,05,6,0,MLO,326.10
1969,07,12,7,0,MLO,326.00
1969,07,19,6,0,MLO,325.70
1969,07,26,4,0,MLO,325.40
1969,08,02,5,0,MLO,324.50
1969,08,09,7,0,MLO,324.50
1969,08,16,7,0,MLO,323.10
1969,08,23,5,0,MLO,322.50
1969,08,30,7,0,MLO,323.10
1969,09,06,6,0,MLO,322.20
1969,09,13,6,0,MLO,322.70
1969,09,20,4,0,MLO,322.80
1969,09,27,7,0,MLO,321.90
1969,10,04,7,0,MLO,321.50
1969,10,11,7,0,MLO,321.80
1969,10,18,7,0,MLO,322.00
1969,10,25,7,0,MLO,321.90
1969,11,01,7,0,MLO,322.20
1969,11,08,7,0,MLO,322.60
1969,11,15,7,0,MLO,322.70
1969,11,22,7,0,MLO,323.10
1969,11,29,7,0,MLO,323.50
1969,12,06,7,0,MLO,323.90
1969,12,13,7,0,MLO,323.90
1969,12,20,7,0,MLO,324.20
1969,12,27,7,0,MLO,324.50
1970,01,03,7,0,MLO,324.70
1970,01,10,7,0,MLO,325.40
1970,01,17,7,0,MLO,325.00
1970,01,24,7,0,MLO,324.80
1970,01,31,7,0,MLO,325.50
1970,02,07,7,0,MLO,325.70
1970,02,14,7,0,MLO,326.00
1970,02,21,6,0,MLO,326.30
1970,02,28,7,0,MLO,326.10
1970,03,07,7,0,MLO,326.80
1970,03,14,7,0,MLO,326.80
1970,03,21,7,0,MLO,327.50
1970,03,28,7,0,MLO,326.90
1970,04,04,7,0,MLO,328.20
1970,04,11,7,0,MLO,327.80
1970,04,18,7,0,MLO,327.80
1970,04,25,7,0,MLO,328.50
1970,05,02,7,0,MLO,327.90
1970,05,09,5,0,MLO,327.50
1970,05,16,5,0,MLO,328.00
1970,05,23,7,0,MLO,328.30
1970,05,30,6,0,MLO,327.90
1970,06,06,7,0,MLO,327.50
1970,06,13,7,0,MLO,327.80
1970,06,20,7,0,MLO,327.70
1970,06,27,6,0,MLO,327.20
1970,07,04,6,0,MLO,327.20
1970,07,11,6,0,MLO,326.20
1970,07,18,6,0,MLO,326.20
1970,07,25,7,0,MLO,325.60
1970,08,01,5,0,MLO,325.20
1970,08,08,3,0,MLO,325.20
1970,08,15,6,0,MLO,324.80
1970,08,22,5,0,MLO,324.80
1970,08,29,5,0,MLO,323.30
1970,09,05,7,0,MLO,322.90
1970,09,12,4,0,MLO,323.50
1970,09,19,4,0,MLO,323.10
1970,09,26,5,0,MLO,323.10
1970,10,03,5,0,MLO,323.20
1970,10,10,6,0,MLO,323.50
1970,10,17,4,0,MLO,322.90
1970,10,24,7,0,MLO,323.00
1970,10,31,5,0,MLO,323.10
1970,11,07,7,0,MLO,323.60
1970,11,14,5,0,MLO,323.70
1970,11,21,7,0,MLO,324.20
1970,11,28,7,0,MLO,324.70
1970,12,05,7,0,MLO,324.70
1970,12,12,7,0,MLO,325.00
1970,12,19,7,0,MLO,325.20
1970,12,26,3,0,MLO,325.50
1971,01,02,6,0,MLO,325.70
1971,01,09,7,0,MLO,325.80
1971,01,16,7,0,MLO,325.90
1971,01,23,6,0,MLO,326.70
1971,01,30,7,0,MLO,326.60
1971,02,06,7,0,MLO,326.50
1971,02,13,7,0,MLO,326.40
1971,02,20,7,0,MLO,326.70
1971,02,27,7,0,MLO,327.00
1971,03,06,6,0,MLO,327.10
1971,03,13,6,0,MLO,327.30
1971,03,20,7,0,MLO,327.00
1971,03,27,7,0,MLO,327.40
1971,04,03,6,0,MLO,327.40
1971,04,10,6,0,MLO,327.10
1971,04,17,7,0,MLO,327.70
1971,04,24,7,0,MLO,328.50
1971,05,01,7,0,MLO,328.20
1971,05,08,7,0,MLO,329.00
1971,05,15,7,0,MLO,329.20
1971,05,22,7,0,MLO,328.90
1971,05,29,6,0,MLO,328.80
1971,06,05,6,0,MLO,328.50
1971,06,12,7,0,MLO,328.80
1971,06,19,7,0,MLO,328.10
1971,06,26,7,0,MLO,328.50
1971,07,03,7,0,MLO,327.90
1971,07,10,6,0,MLO,327.80
1971,07,17,7,0,MLO,327.50
1971,07,24,6,0,MLO,326.20
1971,07,31,2,0,MLO,326.70
1971,08,07,7,0,MLO,326.10
1971,08,14,2,0,MLO,325.60
1971,08,21,6,0,MLO,325.30
1971,08,28,6,0,MLO,324.00
1971,09,04,7,0,MLO,323.60
1971,09,11,7,0,MLO,323.50
1971,09,18,4,0,MLO,323.20
1971,09,25,7,0,MLO,323.30
1971,10,02,7,0,MLO,323.30
1971,10,09,1,0,MLO,322.90
1971,10,16,7,0,MLO,323.50
1971,10,23,7,0,MLO,323.60
1971,10,30,7,0,MLO,324.40
1971,11,06,7,0,MLO,324.30
1971,11,13,7,0,MLO,324.50
1971,11,20,7,0,MLO,325.00
1971,11,27,7,0,MLO,325.50
1971,12,04,7,0,MLO,325.30
1971,12,11,7,0,MLO,325.90
1971,12,18,7,0,MLO,326.20
1971,12,25,7,0,MLO,326.30
1972,01,01,6,0,MLO,326.60
1972,01,08,7,0,MLO,326.60
1972,01,15,7,0,MLO,326.60
1972,01,22,7,0,MLO,326.60
1972,01,29,7,0,MLO,327.20
1972,02,05,7,0,MLO,327.40
1972,02,12,7,0,MLO,327.90
1972,02,19,7,0,MLO,327.80
1972,02,26,7,0,MLO,327.40
1972,03,04,7,0,MLO,327.50
1972,03,11,6,0,MLO,327.10
1972,03,18,7,0,MLO,327.70
1972,03,25,4,0,MLO,328.60
1972,04,01,6,0,MLO,328.90
1972,04,08,7,0,MLO,329.40
1972,04,15,7,0,MLO,329.80
1972,04,22,7,0,MLO,330.10
1972,04,29,6,0,MLO,330.00
1972,05,06,7,0,MLO,330.00
1972,05,13,7,0,MLO,329.70
1972,05,20,7,0,MLO,330.10
1972,05,27,7,0,MLO,330.20
1972,06,03,7,0,MLO,329.70
1972,06,10,5,0,MLO,329.10
1972,06,17,7,0,MLO,329.00
1972,06,24,7,0,MLO,328.50
1972,07,01,7,0,MLO,328.60
1972,07,08,7,0,MLO,328.30
1972,07,15,7,0,MLO,327.70
1972,07,22,5,0,MLO,328.10
1972,07,29,5,0,MLO,327.50
1972,08,05,7,0,MLO,326.90
1972,08,12,7,0,MLO,326.60
1972,08,19,7,0,MLO,326.50
1972,08,26,7,0,MLO,325.00
1972,09,02,7,0,MLO,325.40
1972,09,09,7,0,MLO,325.70
1972,09,16,7,0,MLO,324.80
1972,09,23,7,0,MLO,324.20
1972,09,30,6,0,MLO,324.20
1972,10,07,6,0,MLO,324.80
1972,10,14,5,0,MLO,325.50
1972,10,21,7,0,MLO,325.10
1972,10,28,7,0,MLO,325.80
1972,11,04,7,0,MLO,326.30
1972,11,11,6,0,MLO,326.10
1972,11,18,7,0,MLO,326.40
1972,11,25,7,0,MLO,326.90
1972,12,02,7,0,MLO,326.90
1972,12,09,7,0,MLO,327.10
1972,12,16,7,0,MLO,327.60
1972,12,23,6,0,MLO,327.90
1972,12,30,7,0,MLO,328.20
1973,01,06,5,0,MLO,328.40
1973,01,13,7,0,MLO,328.40
1973,01,20,5,0,MLO,328.60
1973,01,27,7,0,MLO,328.80
1973,02,03,6,0,MLO,329.10
1973,02,10,7,0,MLO,329.50
1973,02,17,7,0,MLO,329.60
1973,02,24,7,0,MLO,329.70
1973,03,03,6,0,MLO,329.90
1973,03,10,7,0,MLO,330.10
1973,03,17,5,0,MLO,330.50
1973,03,24,4,0,MLO,330.80
1973,03,31,7,0,MLO,330.60
1973,04,07,7,0,MLO,331.20
1973,04,14,7,0,MLO,331.10
1973,04,21,6,0,MLO,331.90
1973,04,28,4,0,MLO,332.10
1973,05,05,7,0,MLO,332.20
1973,05,12,7,0,MLO,332.30
1973,05,19,7,0,MLO,332.60
1973,05,26,6,0,MLO,332.50
1973,06,02,6,0,MLO,332.20
1973,06,09,7,0,MLO,332.50
1973,06,16,7,0,MLO,332.00
1973,06,23,7,0,MLO,331.60
1973,06,30,4,0,MLO,331.40
1973,07,07,6,0,MLO,331.50
1973,07,14,5,0,MLO,331.00
1973,07,21,5,0,MLO,330.00
1973,07,28,3,0,MLO,330.10
1973,08,04,4,0,MLO,330.00
1973,08,11,5,0,MLO,329.50
1973,08,18,4,0,MLO,329.30
1973,08,25,6,0,MLO,328.50
1973,09,01,5,0,MLO,328.40
1973,09,08,5,0,MLO,327.60
1973,09,15,5,0,MLO,327.80
1973,09,22,5,0,MLO,327.10
1973,09,29,2,0,MLO,326.60
1973,10,06,7,0,MLO,327.00
1973,10,13,4,0,MLO,327.40
1973,10,20,7,0,MLO,327.40
1973,10,27,6,0,MLO,327.10
1973,11,03,4,0,MLO,327.50
1973,11,10,5,0,MLO,328.00
1973,11,17,6,0,MLO,328.20
1973,11,24,5,0,MLO,328.50
1973,12,01,6,0,MLO,329.00
1973,12,08,2,0,MLO,328.70
1973,12,15,7,0,MLO,328.60
1973,12,22,7,0,MLO,328.20
1973,12,29,5,0,MLO,328.70
1974,01,05,7,0,MLO,328.90
1974,01,12,7,0,MLO,329.20
1974,01,19,6,0,MLO,329.40
1974,01,26,6,0,MLO,329.80
1974,02,02,7,0,MLO,330.50
1974,02,09,7,0,MLO,330.80
1974,02,16,7,0,MLO,330.60
1974,02,23,7,0,MLO,330.60
1974,03,02,7,0,MLO,330.70
1974,03,09,6,0,MLO,331.20
1974,03,16,7,0,MLO,332.10
1974,03,23,7,0,MLO,332.00
1974,03,30,7,0,MLO,331.50
1974,04,06,7,0,MLO,332.40
1974,04,13,7,0,MLO,332.10
1974,04,20,7,0,MLO,332.90
1974,04,27,7,0,MLO,333.10
1974,05,04,7,0,MLO,332.90
1974,05,11,7,0,MLO,333.00
1974,05,18,7,0,MLO,333.20
1974,05,25,7,0,MLO,332.80
1974,06,01,7,0,MLO,332.90
1974,06,08,6,0,MLO,332.00
1974,06,15,5,0,MLO,332.00
1974,06,22,6,0,MLO,332.20
1974,06,29,5,0,MLO,331.70
1974,07,06,6,0,MLO,331.70
1974,07,13,7,0,MLO,331.20
1974,07,20,5,0,MLO,330.40
1974,07,27,3,0,MLO,331.00
1974,08,03,6,0,MLO,330.00
1974,08,10,5,0,MLO,329.90
1974,08,17,6,0,MLO,329.20
1974,08,24,6,0,MLO,328.90
1974,08,31,7,0,MLO,328.10
1974,09,07,7,0,MLO,328.00
1974,09,14,7,0,MLO,327.30
1974,09,21,7,0,MLO,326.90
1974,09,28,7,0,MLO,327.30
1974,10,05,6,0,MLO,327.30
1974,10,12,6,0,MLO,327.00
1974,10,19,7,0,MLO,327.50
1974,10,26,7,0,MLO,327.70
1974,11,02,7,0,MLO,327.90
1974,11,09,7,0,MLO,328.00
1974,11,16,6,0,MLO,328.80
1974,11,23,6,0,MLO,328.60
1974,11,30,3,0,MLO,328.70
1974,12,07,2,0,MLO,329.50
1974,12,14,4,0,MLO,329.70
1974,12,21,7,0,MLO,329.80
1974,12,28,7,0,MLO,329.70
1975,01,04,4,0,MLO,329.90
1975,01,11,4,0,MLO,329.80
1975,01,18,4,0,MLO,330.20
1975,01,25,7,0,MLO,331.10
1975,02,01,6,0,MLO,331.10
1975,02,08,7,0,MLO,331.40
1975,02,15,7,0,MLO,331.00
1975,02,22,5,0,MLO,331.70
1975,03,01,7,0,MLO,331.80
1975,03,08,7,0,MLO,331.60
1975,03,15,7,0,MLO,331.90
1975,03,22,7,0,MLO,332.20
1975,03,29,6,0,MLO,332.50
1975,04,05,7,0,MLO,333.00
1975,04,12,6,0,MLO,333.50
1975,04,19,7,0,MLO,333.50
1975,04,26,7,0,MLO,333.10
1975,05,03,7,0,MLO,333.90
1975,05,10,7,0,MLO,333.90
1975,05,17,7,0,MLO,333.70
1975,05,24,7,0,MLO,333.70
1975,05,31,7,0,MLO,334.10
1975,06,07,7,0,MLO,333.80
1975,06,14,6,0,MLO,333.30
1975,06,21,7,0,MLO,333.40
1975,06,28,7,0,MLO,333.10
1975,07,05,5,0,MLO,332.70
1975,07,12,7,0,MLO,332.00
1975,07,19,5,0,MLO,331.00
1975,07,26,6,0,MLO,331.50
1975,08,02,7,0,MLO,330.80
1975,08,09,7,0,MLO,330.70
1975,08,16,5,0,MLO,330.30
1975,08,23,6,0,MLO,329.30
1975,08,30,6,0,MLO,328.80
1975,09,06,6,0,MLO,329.40
1975,09,13,6,0,MLO,328.50
1975,09,20,7,0,MLO,328.00
1975,09,27,6,0,MLO,328.20
1975,10,04,6,0,MLO,328.00
1975,10,11,5,0,MLO,328.00
1975,10,18,6,0,MLO,328.50
1975,10,25,6,0,MLO,328.80
1975,11,01,4,0,MLO,329.30
1975,11,08,6,0,MLO,329.20
1975,11,15,5,0,MLO,329.10
1975,11,22,3,0,MLO,329.50
1975,11,29,5,0,MLO,330.10
1975,12,06,7,0,MLO,330.30
1975,12,13,7,0,MLO,330.50
1975,12,20,5,0,MLO,331.10
1975,12,27,5,0,MLO,331.20
1976,01,03,7,0,MLO,331.50
1976,01,10,7,0,MLO,331.50
1976,01,17,7,0,MLO,331.70
1976,01,24,7,0,MLO,331.80
1976,01,31,5,0,MLO,332.20
1976,02,07,6,0,MLO,332.10
1976,02,14,7,0,MLO,332.50
1976,02,21,6,0,MLO,333.20
1976,02,28,5,0,MLO,332.40
1976,03,06,7,0,MLO,332.80
1976,03,13,7,0,MLO,333.60
1976,03,20,3,0,MLO,333.10
1976,03,27,7,0,MLO,334.30
1976,04,03,7,0,MLO,334.70
1976,04,10,6,0,MLO,334.20
1976,04,17,6,0,MLO,334.40
1976,04,24,6,0,MLO,334.50
1976,05,01,6,0,MLO,334.70
1976,05,08,5,0,MLO,334.30
1976,05,15,7,0,MLO,334.60
1976,05,22,6,0,MLO,335.40
1976,05,29,7,0,MLO,334.80
1976,06,05,7,0,MLO,334.30
1976,06,12,7,0,MLO,334.60
1976,06,19,6,0,MLO,334.30
1976,07,03,6,0,MLO,333.60
1976,07,10,6,0,MLO,333.40
1976,07,17,4,0,MLO,332.80
1976,07,24,7,0,MLO,332.40
1976,07,31,6,0,MLO,332.10
1976,08,07,6,0,MLO,331.70
1976,08,14,6,0,MLO,330.60
1976,08,21,5,0,MLO,330.60
1976,08,28,1,0,MLO,330.00
1976,09,04,5,0,MLO,329.70
1976,09,11,4,0,MLO,330.00
1976,09,18,7,0,MLO,329.30
1976,09,25,5,0,MLO,328.40
1976,10,02,4,0,MLO,328.80
1976,10,09,4,0,MLO,329.00
1976,10,16,3,0,MLO,329.60
1976,10,23,6,0,MLO,329.10
1976,10,30,7,0,MLO,329.00
1976,11,06,5,0,MLO,329.80
1976,11,13,5,0,MLO,330.40
1976,11,20,7,0,MLO,330.50
1976,11,27,7,0,MLO,330.70
1976,12,04,7,0,MLO,331.10
1976,12,11,6,0,MLO,331.30
1976,12,18,6,0,MLO,331.90
1976,12,25,7,0,MLO,332.20
1977,01,01,7,0,MLO,332.50
1977,01,08,7,0,MLO,332.40
1977,01,15,5,0,MLO,333.10
1977,01,22,7,0,MLO,333.20
1977,01,29,5,0,MLO,333.20
1977,02,05,5,0,MLO,333.40
1977,02,12,6,0,MLO,333.30
1977,02,19,7,0,MLO,333.40
1977,02,26,7,0,MLO,333.60
1977,03,05,6,0,MLO,334.10
1977,03,12,7,0,MLO,334.60
1977,03,19,7,0,MLO,335.10
1977,03,26,7,0,MLO,335.00
1977,04,02,7,0,MLO,335.50
1977,04,09,7,0,MLO,335.90
1977,04,16,7,0,MLO,336.00
1977,04,23,7,0,MLO,336.10
1977,04,30,7,0,MLO,336.70
1977,05,07,7,0,MLO,336.80
1977,05,14,7,0,MLO,336.40
1977,05,21,7,0,MLO,336.80
1977,05,28,7,0,MLO,336.70
1977,06,04,7,0,MLO,336.40
1977,06,11,6,0,MLO,336.30
1977,06,18,7,0,MLO,336.10
1977,06,25,7,0,MLO,336.00
1977,07,02,6,0,MLO,335.50
1977,07,09,6,0,MLO,335.10
1977,07,16,4,0,MLO,335.10
1977,07,23,5,0,MLO,334.60
1977,07,30,3,0,MLO,333.70
1977,08,06,7,0,MLO,333.00
1977,08,13,2,0,MLO,332.90
1977,08,20,1,0,MLO,332.80
1977,08,27,2,0,MLO,332.80
1977,09,03,3,0,MLO,332.10
1977,09,10,1,0,MLO,331.20
1977,09,17,2,0,MLO,332.10
1977,09,24,2,0,MLO,330.90
1977,10,01,3,0,MLO,330.40
1977,10,08,5,0,MLO,330.90
1977,10,15,4,0,MLO,331.50
1977,10,22,1,0,MLO,331.50
1977,10,29,2,0,MLO,331.70
1977,11,05,4,0,MLO,332.10
1977,11,12,2,0,MLO,332.00
1977,11,19,2,0,MLO,332.50
1977,11,26,5,0,MLO,332.80
1977,12,03,6,0,MLO,333.20
1977,12,10,6,0,MLO,333.50
1977,12,17,7,0,MLO,333.80
1977,12,24,6,0,MLO,334.20
1977,12,31,7,0,MLO,334.60
1978,01,07,7,0,MLO,334.20
1978,01,14,7,0,MLO,334.60
1978,01,21,7,0,MLO,335.40
1978,01,28,5,0,MLO,335.90
1978,02,04,7,0,MLO,335.00
1978,02,11,6,0,MLO,335.10
1978,02,18,7,0,MLO,335.60
1978,02,25,7,0,MLO,335.70
1978,03,04,7,0,MLO,336.20
1978,03,11,7,0,MLO,336.10
1978,03,18,5,0,MLO,336.80
1978,03,25,7,0,MLO,337.30
1978,04,01,4,0,MLO,337.00
1978,04,08,6,0,MLO,337.90
1978,04,15,6,0,MLO,337.90
1978,04,22,5,0,MLO,337.40
1978,04,29,7,0,MLO,338.00
1978,05,06,6,0,MLO,338.00
1978,05,13,7,0,MLO,338.10
1978,05,20,7,0,MLO,337.80
1978,05,27,7,0,MLO,337.90
1978,06,03,1,0,MLO,338.40
1978,06,10,2,0,MLO,338.20
1978,06,17,4,0,MLO,337.80
1978,06,24,5,0,MLO,337.30
1978,07,01,2,0,MLO,337.60
1978,07,08,6,0,MLO,336.70
1978,07,15,7,0,MLO,336.70
1978,07,22,7,0,MLO,335.90
1978,07,29,6,0,MLO,335.60
1978,08,05,7,0,MLO,335.10
1978,08,12,7,0,MLO,334.80
1978,08,19,2,0,MLO,334.40
1978,08,26,4,0,MLO,334.30
1978,09,02,4,0,MLO,333.80
1978,09,09,4,0,MLO,332.80
1978,09,16,5,0,MLO,332.10
1978,09,23,3,0,MLO,332.30
1978,09,30,6,0,MLO,332.70
1978,10,07,5,0,MLO,332.10
1978,10,14,4,0,MLO,332.40
1978,10,21,4,0,MLO,333.00
1978,10,28,3,0,MLO,333.10
1978,11,04,6,0,MLO,333.50
1978,11,11,5,0,MLO,333.80
1978,11,18,4,0,MLO,333.80
1978,11,25,5,0,MLO,334.20
1978,12,02,2,0,MLO,334.50
1978,12,09,6,0,MLO,334.80
1978,12,16,6,0,MLO,335.10
1978,12,23,6,0,MLO,335.10
1978,12,30,7,0,MLO,335.30
1979,01,06,7,0,MLO,335.30
1979,01,13,6,0,MLO,335.90
1979,01,20,7,0,MLO,336.80
1979,01,27,5,0,MLO,336.90
1979,02,03,6,0,MLO,336.90
1979,02,10,5,0,MLO,336.50
1979,02,17,7,0,MLO,336.70
1979,02,24,7,0,MLO,336.70
1979,03,03,6,0,MLO,337.10
1979,03,10,5,0,MLO,337.70
1979,03,17,4,0,MLO,337.40
1979,03,24,5,0,MLO,339.00
1979,03,31,7,0,MLO,338.80
1979,04,07,4,0,MLO,338.10
1979,04,14,7,0,MLO,338.60
1979,04,21,7,0,MLO,339.20
1979,04,28,6,0,MLO,339.60
1979,05,05,7,0,MLO,339.30
1979,05,12,5,0,MLO,338.80
1979,05,19,5,0,MLO,339.80
1979,05,26,7,0,MLO,339.60
1979,06,02,4,0,MLO,339.90
1979,06,09,6,0,MLO,339.50
1979,06,16,5,0,MLO,338.90
1979,06,23,5,0,MLO,338.90
1979,06,30,2,0,MLO,339.00
1979,07,07,4,0,MLO,338.20
1979,07,14,6,0,MLO,337.80
1979,07,21,6,0,MLO,337.30
1979,07,28,5,0,MLO,336.80
1979,08,04,5,0,MLO,337.00
1979,08,11,7,0,MLO,336.50
1979,08,18,6,0,MLO,336.10
1979,08,25,5,0,MLO,334.50
1979,09,01,7,0,MLO,334.40
1979,09,08,3,0,MLO,334.00
1979,09,15,4,0,MLO,334.20
1979,09,22,5,0,MLO,333.20
1979,09,29,5,0,MLO,334.10
1979,10,06,4,0,MLO,334.10
1979,10,13,6,0,MLO,333.90
1979,10,20,7,0,MLO,333.70
1979,10,27,5,0,MLO,334.10
1979,11,03,6,0,MLO,334.70
1979,11,10,6,0,MLO,334.80
1979,11,17,6,0,MLO,335.50
1979,11,24,5,0,MLO,335.60
1979,12,01,6,0,MLO,335.90
1979,12,08,4,0,MLO,336.50
1979,12,15,6,0,MLO,336.70
1979,12,22,6,0,MLO,336.80
1979,12,29,7,0,MLO,337.40
1980,01,05,7,0,MLO,337.60
1980,01,12,6,0,MLO,337.40
1980,01,19,7,0,MLO,338.30
1980,01,26,7,0,MLO,338.40
1980,02,02,6,0,MLO,338.00
1980,02,09,5,0,MLO,338.10
1980,02,16,7,0,MLO,338.60
1980,02,23,6,0,MLO,338.20
1980,03,01,6,0,MLO,339.30
1980,03,08,6,0,MLO,339.50
1980,03,15,6,0,MLO,340.00
1980,03,22,6,0,MLO,340.50
1980,03,29,7,0,MLO,341.00
1980,04,05,4,0,MLO,340.40
1980,04,12,4,0,MLO,340.90
1980,04,19,6,0,MLO,340.70
1980,04,26,6,0,MLO,341.00
1980,05,03,5,0,MLO,341.50
1980,05,10,6,0,MLO,341.30
1980,05,17,5,0,MLO,341.30
1980,05,24,5,0,MLO,340.90
1980,05,31,7,0,MLO,341.70
1980,06,07,3,0,MLO,341.30
1980,06,14,7,0,MLO,341.30
1980,06,21,6,0,MLO,340.80
1980,06,28,3,0,MLO,340.40
1980,07,05,6,0,MLO,340.40
1980,07,12,5,0,MLO,339.70
1980,07,19,3,0,MLO,338.50
1980,07,26,6,0,MLO,338.90
1980,08,02,6,0,MLO,337.90
1980,08,09,5,0,MLO,337.70
1980,08,16,4,0,MLO,337.70
1980,08,23,3,0,MLO,337.70
1980,08,30,3,0,MLO,337.00
1980,09,06,4,0,MLO,336.60
1980,09,13,4,0,MLO,335.70
1980,09,20,5,0,MLO,335.20
1980,09,27,4,0,MLO,336.00
1980,10,04,4,0,MLO,335.80
1980,10,11,7,0,MLO,335.80
1980,10,18,7,0,MLO,336.10
1980,10,25,5,0,MLO,336.40
1980,11,01,7,0,MLO,336.60
1980,11,08,7,0,MLO,336.90
1980,11,15,6,0,MLO,337.10
1980,11,22,7,0,MLO,337.30
1980,11,29,7,0,MLO,337.40
1980,12,06,4,0,MLO,337.70
1980,12,13,7,0,MLO,338.10
1980,12,20,7,0,MLO,338.30
1980,12,27,7,0,MLO,338.70
1981,01,03,7,0,MLO,338.90
1981,01,10,7,0,MLO,339.10
1981,01,17,7,0,MLO,339.30
1981,01,24,7,0,MLO,339.30
1981,01,31,6,0,MLO,339.50
1981,02,07,7,0,MLO,340.50
1981,02,14,4,0,MLO,340.00
1981,02,21,5,0,MLO,340.20
1981,02,28,6,0,MLO,341.10
1981,03,07,4,0,MLO,340.70
1981,03,14,6,0,MLO,341.00
1981,03,21,5,0,MLO,341.80
1981,03,28,6,0,MLO,342.10
1981,04,04,5,0,MLO,342.40
1981,04,11,6,0,MLO,342.40
1981,04,18,7,0,MLO,342.70
1981,04,25,7,0,MLO,342.30
1981,05,02,7,0,MLO,342.90
1981,05,09,7,0,MLO,343.00
1981,05,16,7,0,MLO,342.80
1981,05,23,7,0,MLO,342.70
1981,05,30,7,0,MLO,342.70
1981,06,06,7,0,MLO,342.60
1981,06,13,7,0,MLO,342.50
1981,06,20,7,0,MLO,341.80
1981,06,27,5,0,MLO,341.60
1981,07,04,5,0,MLO,341.00
1981,07,11,7,0,MLO,340.80
1981,07,18,4,0,MLO,339.70
1981,07,25,4,0,MLO,340.20
1981,08,01,5,0,MLO,339.50
1981,08,08,5,0,MLO,338.90
1981,08,15,6,0,MLO,338.40
1981,08,22,5,0,MLO,337.50
1981,08,29,4,0,MLO,337.70
1981,09,05,7,0,MLO,337.20
1981,09,12,3,0,MLO,337.00
1981,09,19,7,0,MLO,336.70
1981,09,26,5,0,MLO,335.90
1981,10,03,6,0,MLO,336.30
1981,10,10,4,0,MLO,336.60
1981,10,17,7,0,MLO,337.10
1981,10,24,5,0,MLO,337.20
1981,10,31,6,0,MLO,337.50
1981,11,07,6,0,MLO,337.80
1981,11,14,6,0,MLO,338.10
1981,11,21,4,0,MLO,338.50
1981,11,28,6,0,MLO,339.30
1981,12,05,5,0,MLO,339.20
1981,12,12,7,0,MLO,339.40
1981,12,19,6,0,MLO,339.60
1981,12,26,4,0,MLO,340.20
1982,01,02,5,0,MLO,340.20
1982,01,09,7,0,MLO,340.30
1982,01,16,5,0,MLO,340.70
1982,01,23,6,0,MLO,341.10
1982,01,30,7,0,MLO,341.20
1982,02,06,7,0,MLO,341.90
1982,02,13,6,0,MLO,341.10
1982,02,20,4,0,MLO,341.10
1982,02,27,5,0,MLO,342.10
1982,03,06,6,0,MLO,342.60
1982,03,13,4,0,MLO,342.60
1982,03,20,1,0,MLO,342.70
1982,03,27,4,0,MLO,342.80
1982,04,03,6,0,MLO,342.90
1982,04,10,6,0,MLO,343.30
1982,04,17,6,0,MLO,343.50
1982,04,24,5,0,MLO,344.20
1982,05,01,4,0,MLO,343.80
1982,05,08,1,0,MLO,343.60
1982,05,15,3,0,MLO,344.20
1982,05,22,6,0,MLO,344.10
1982,05,29,6,0,MLO,344.10
1982,06,05,6,0,MLO,343.40
1982,06,12,7,0,MLO,343.50
1982,06,19,3,0,MLO,343.40
1982,06,26,4,0,MLO,342.90
1982,07,03,7,0,MLO,342.50
1982,07,10,6,0,MLO,342.00
1982,07,17,5,0,MLO,342.00
1982,07,24,4,0,MLO,341.80
1982,07,31,6,0,MLO,341.30
1982,08,07,6,0,MLO,340.50
1982,08,14,6,0,MLO,340.00
1982,08,21,3,0,MLO,339.70
1982,08,28,5,0,MLO,338.30
1982,09,04,5,0,MLO,338.80
1982,09,11,6,0,MLO,338.60
1982,09,18,2,0,MLO,337.80
1982,09,25,6,0,MLO,336.90
1982,10,02,4,0,MLO,337.30
1982,10,09,5,0,MLO,338.00
1982,10,16,4,0,MLO,337.60
1982,10,23,4,0,MLO,337.90
1982,10,30,5,0,MLO,338.70
1982,11,06,5,0,MLO,338.40
1982,11,13,6,0,MLO,339.20
1982,11,20,6,0,MLO,339.70
1982,11,27,4,0,MLO,339.80
1982,12,04,6,0,MLO,339.80
1982,12,11,5,0,MLO,340.40
1982,12,18,7,0,MLO,340.70
1982,12,25,5,0,MLO,340.80
1983,01,01,5,0,MLO,340.90
1983,01,08,5,0,MLO,341.40
1983,01,15,6,0,MLO,341.50
1983,01,22,7,0,MLO,341.20
1983,01,29,7,0,MLO,341.70
1983,02,05,6,0,MLO,342.00
1983,02,12,7,0,MLO,342.70
1983,02,19,6,0,MLO,342.50
1983,02,26,6,0,MLO,342.80
1983,03,05,7,0,MLO,342.30
1983,03,12,7,0,MLO,342.50
1983,03,19,5,0,MLO,344.00
1983,03,26,5,0,MLO,343.80
1983,04,02,7,0,MLO,344.00
1983,04,09,6,0,MLO,344.80
1983,04,16,7,0,MLO,345.00
1983,04,23,7,0,MLO,345.30
1983,04,30,7,0,MLO,345.40
1983,05,07,5,0,MLO,345.40
1983,05,14,6,0,MLO,345.70
1983,05,21,6,0,MLO,345.80
1983,05,28,7,0,MLO,345.70
1983,06,04,5,0,MLO,345.60
1983,06,11,5,0,MLO,345.60
1983,06,18,7,0,MLO,345.00
1983,06,25,6,0,MLO,344.90
1983,07,02,6,0,MLO,344.70
1983,07,09,4,0,MLO,344.50
1983,07,16,3,0,MLO,343.70
1983,07,23,6,0,MLO,343.60
1983,07,30,4,0,MLO,342.60
1983,08,06,5,0,MLO,343.00
1983,08,13,2,0,MLO,341.70
1983,08,20,3,0,MLO,342.10
1983,08,27,6,0,MLO,341.80
1983,09,03,3,0,MLO,339.90
1983,09,10,5,0,MLO,339.90
1983,09,17,5,0,MLO,339.80
1983,09,24,4,0,MLO,339.90
1983,10,01,6,0,MLO,339.80
1983,10,08,7,0,MLO,339.70
1983,10,15,6,0,MLO,340.10
1983,10,22,6,0,MLO,340.20
1983,10,29,7,0,MLO,340.30
1983,11,05,7,0,MLO,340.80
1983,11,12,7,0,MLO,341.00
1983,11,19,6,0,MLO,341.10
1983,11,26,7,0,MLO,341.70
1983,12,03,6,0,MLO,341.80
1983,12,10,2,0,MLO,342.80
1983,12,17,7,0,MLO,343.30
1983,12,24,7,0,MLO,343.60
1983,12,31,7,0,MLO,343.40
1984,01,07,7,0,MLO,343.70
1984,01,14,5,0,MLO,343.40
1984,01,21,5,0,MLO,343.50
1984,01,28,5,0,MLO,344.10
1984,02,04,5,0,MLO,344.30
1984,02,11,7,0,MLO,344.50
1984,02,18,5,0,MLO,344.30
1984,02,25,6,0,MLO,344.60
1984,03,03,7,0,MLO,344.80
1984,03,10,6,0,MLO,344.90
1984,03,17,6,0,MLO,345.40
1984,03,24,5,0,MLO,345.60
1984,04,28,2,0,MLO,347.40
1984,05,05,6,0,MLO,347.40
1984,05,12,3,0,MLO,347.70
1984,05,19,5,0,MLO,347.30
1984,05,26,5,0,MLO,347.00
1984,06,02,5,0,MLO,347.00
1984,06,09,6,0,MLO,347.00
1984,06,16,3,0,MLO,346.80
1984,06,23,5,0,MLO,346.30
1984,06,30,6,0,MLO,346.20
1984,07,07,4,0,MLO,345.80
1984,07,14,5,0,MLO,345.40
1984,07,21,3,0,MLO,345.20
1984,07,28,6,0,MLO,344.40
1984,08,04,2,0,MLO,344.00
1984,08,11,2,0,MLO,344.10
1984,08,18,5,0,MLO,343.10
1984,08,25,3,0,MLO,342.00
1984,09,01,3,0,MLO,341.60
1984,09,08,6,0,MLO,340.60
1984,09,15,6,0,MLO,341.30
1984,09,22,6,0,MLO,341.30
1984,09,29,3,0,MLO,340.80
1984,10,06,5,0,MLO,341.10
1984,10,13,4,0,MLO,341.30
1984,10,20,1,0,MLO,341.90
1984,10,27,5,0,MLO,341.60
1984,11,03,5,0,MLO,342.00
1984,11,10,6,0,MLO,342.60
1984,11,17,6,0,MLO,343.10
1984,11,24,6,0,MLO,343.70
1984,12,01,4,0,MLO,343.60
1984,12,08,6,0,MLO,343.90
1984,12,15,4,0,MLO,344.20
1984,12,22,5,0,MLO,344.50
1984,12,29,3,0,MLO,344.50
1985,01,05,7,0,MLO,344.70
1985,01,12,6,0,MLO,345.00
1985,01,19,7,0,MLO,345.00
1985,01,26,5,0,MLO,345.00
1985,02,02,5,0,MLO,345.90
1985,02,09,4,0,MLO,345.50
1985,02,16,5,0,MLO,345.80
1985,02,23,5,0,MLO,346.30
1985,03,02,6,0,MLO,346.70
1985,03,09,6,0,MLO,347.10
1985,03,16,7,0,MLO,347.50
1985,03,23,4,0,MLO,347.70
1985,03,30,5,0,MLO,348.20
1985,04,06,7,0,MLO,348.00
1985,04,13,4,0,MLO,348.00
1985,04,20,5,0,MLO,348.50
1985,04,27,4,0,MLO,348.80
1985,05,04,5,0,MLO,348.80
1985,05,11,5,0,MLO,349.30
1985,05,18,7,0,MLO,349.10
1985,05,25,6,0,MLO,348.10
1985,06,01,4,0,MLO,349.00
1985,06,08,7,0,MLO,348.40
1985,06,15,3,0,MLO,348.20
1985,06,22,5,0,MLO,347.90
1985,06,29,6,0,MLO,347.40
1985,07,06,6,0,MLO,346.90
1985,07,13,5,0,MLO,346.80
1985,07,20,3,0,MLO,346.40
1985,07,27,6,0,MLO,345.70
1985,08,10,6,0,MLO,344.70
1985,08,17,3,0,MLO,344.50
1985,08,24,5,0,MLO,344.30
1985,08,31,5,0,MLO,343.70
1985,09,07,5,0,MLO,344.20
1985,09,14,6,0,MLO,343.30
1985,09,21,5,0,MLO,342.40
1985,09,28,5,0,MLO,342.10
1985,10,05,4,0,MLO,342.40
1985,10,12,4,0,MLO,342.50
1985,10,19,7,0,MLO,343.10
1985,10,26,6,0,MLO,343.20
1985,11,02,5,0,MLO,343.30
1985,11,09,5,0,MLO,343.70
1985,11,16,7,0,MLO,344.20
1985,11,23,6,0,MLO,344.60
1985,11,30,6,0,MLO,345.30
1985,12,07,5,0,MLO,345.30
1985,12,14,6,0,MLO,345.60
1985,12,21,6,0,MLO,345.10
1985,12,28,7,0,MLO,346.30
1986,01,04,4,0,MLO,346.40
1986,01,11,7,0,MLO,346.00
1986,01,18,4,0,MLO,346.20
1986,01,25,7,0,MLO,346.40
1986,02,01,6,0,MLO,346.20
1986,02,08,6,0,MLO,346.80
1986,02,15,7,0,MLO,347.10
1986,02,22,7,0,MLO,347.20
1986,03,01,7,0,MLO,347.00
1986,03,08,3,0,MLO,346.60
1986,03,15,6,0,MLO,347.20
1986,03,22,6,0,MLO,349.10
1986,03,29,6,0,MLO,348.80
1986,04,05,7,0,MLO,349.20
1986,04,12,4,0,MLO,349.40
1986,04,19,6,0,MLO,349.30
1986,04,26,6,0,MLO,350.20
1986,05,03,4,0,MLO,349.90
1986,05,10,5,0,MLO,350.10
1986,05,17,5,0,MLO,350.20
1986,05,24,6,0,MLO,350.10
1986,05,31,6,0,MLO,350.10
1986,06,07,4,0,MLO,349.70
1986,06,14,6,0,MLO,349.50
1986,06,21,7,0,MLO,349.40
1986,06,28,7,0,MLO,348.90
1986,07,05,7,0,MLO,348.60
1986,07,12,5,0,MLO,347.70
1986,07,19,6,0,MLO,347.60
1986,07,26,6,0,MLO,347.40
1986,08,02,3,0,MLO,346.60
1986,08,09,5,0,MLO,346.20
1986,08,16,7,0,MLO,345.50
1986,08,23,5,0,MLO,345.60
1986,08,30,4,0,MLO,345.20
1986,09,06,4,0,MLO,345.00
1986,09,13,7,0,MLO,345.30
1986,09,20,5,0,MLO,344.40
1986,09,27,6,0,MLO,344.50
1986,10,04,7,0,MLO,343.90
1986,10,11,7,0,MLO,344.10
1986,10,18,3,0,MLO,343.90
1986,10,25,7,0,MLO,344.50
1986,11,01,6,0,MLO,345.10
1986,11,08,5,0,MLO,345.30
1986,11,15,7,0,MLO,345.60
1986,11,22,6,0,MLO,345.70
1986,11,29,7,0,MLO,346.40
1986,12,06,7,0,MLO,346.90
1986,12,13,7,0,MLO,346.70
1986,12,20,7,0,MLO,346.90
1986,12,27,6,0,MLO,347.00
1987,01,03,6,0,MLO,347.60
1987,01,10,6,0,MLO,348.30
1987,01,17,7,0,MLO,348.20
1987,01,24,5,0,MLO,347.90
1987,01,31,6,0,MLO,348.00
1987,02,07,7,0,MLO,347.90
1987,02,14,6,0,MLO,348.20
1987,02,21,7,0,MLO,348.50
1987,02,28,7,0,MLO,349.40
1987,03,07,7,0,MLO,348.80
1987,03,14,7,0,MLO,349.20
1987,03,21,7,0,MLO,349.70
1987,03,28,7,0,MLO,350.20
1987,04,04,6,0,MLO,350.80
1987,04,11,5,0,MLO,350.20
1987,04,18,7,0,MLO,351.10
1987,04,25,7,0,MLO,351.30
1987,05,02,6,0,MLO,351.40
1987,05,09,7,0,MLO,352.00
1987,05,16,7,0,MLO,351.70
1987,05,23,7,0,MLO,351.90
1987,05,30,7,0,MLO,351.70
1987,06,06,6,0,MLO,351.60
1987,06,13,7,0,MLO,351.10
1987,06,20,6,0,MLO,351.00
1987,06,27,5,0,MLO,350.90
1987,07,04,7,0,MLO,349.70
1987,07,11,7,0,MLO,349.80
1987,07,18,3,0,MLO,348.80
1987,07,25,5,0,MLO,349.50
1987,08,01,4,0,MLO,349.00
1987,08,08,2,0,MLO,348.10
1987,08,15,3,0,MLO,348.60
1987,08,22,5,0,MLO,348.00
1987,08,29,5,0,MLO,346.70
1987,09,05,4,0,MLO,347.00
1987,09,12,6,0,MLO,346.60
1987,09,19,6,0,MLO,346.20
1987,09,26,3,0,MLO,345.80
1987,10,03,4,0,MLO,345.70
1987,10,10,5,0,MLO,346.30
1987,10,17,5,0,MLO,346.50
1987,10,24,7,0,MLO,346.80
1987,10,31,6,0,MLO,346.90
1987,11,07,4,0,MLO,347.30
1987,11,14,7,0,MLO,347.60
1987,11,21,3,0,MLO,348.10
1987,11,28,3,0,MLO,348.70
1987,12,05,5,0,MLO,348.60
1987,12,12,5,0,MLO,348.80
1987,12,19,5,0,MLO,349.10
1987,12,26,5,0,MLO,349.20
1988,01,02,6,0,MLO,349.70
1988,01,09,7,0,MLO,350.20
1988,01,16,5,0,MLO,350.20
1988,01,23,5,0,MLO,350.70
1988,01,30,5,0,MLO,351.20
1988,02,06,4,0,MLO,351.80
1988,02,13,7,0,MLO,351.30
1988,02,20,6,0,MLO,351.50
1988,02,27,7,0,MLO,352.50
1988,03,05,6,0,MLO,352.80
1988,03,12,7,0,MLO,351.80
1988,03,19,4,0,MLO,351.70
1988,03,26,5,0,MLO,352.20
1988,04,02,6,0,MLO,353.10
1988,04,09,7,0,MLO,353.50
1988,04,16,7,0,MLO,353.10
1988,04,23,5,0,MLO,354.00
1988,04,30,4,0,MLO,354.20
1988,05,07,7,0,MLO,353.70
1988,05,14,5,0,MLO,354.30
1988,05,21,6,0,MLO,354.50
1988,05,28,6,0,MLO,354.20
1988,06,04,5,0,MLO,354.10
1988,06,11,6,0,MLO,354.20
1988,06,18,6,0,MLO,353.60
1988,06,25,7,0,MLO,353.10
1988,07,02,4,0,MLO,353.00
1988,07,09,4,0,MLO,352.50
1988,07,16,4,0,MLO,352.60
1988,07,23,5,0,MLO,351.90
1988,07,30,3,0,MLO,351.10
1988,08,06,5,0,MLO,350.90
1988,08,13,3,0,MLO,350.30
1988,08,20,4,0,MLO,350.40
1988,08,27,6,0,MLO,349.60
1988,09,03,5,0,MLO,349.30
1988,09,10,5,0,MLO,348.70
1988,09,17,5,0,MLO,348.90
1988,09,24,4,0,MLO,348.10
1988,10,01,4,0,MLO,348.80
1988,10,08,3,0,MLO,348.80
1988,10,15,7,0,MLO,348.60
1988,10,22,3,0,MLO,349.40
1988,10,29,5,0,MLO,349.20
1988,11,05,7,0,MLO,349.70
1988,11,12,7,0,MLO,349.80
1988,11,19,5,0,MLO,350.10
1988,11,26,7,0,MLO,350.40
1988,12,03,5,0,MLO,350.50
1988,12,10,5,0,MLO,351.00
1988,12,17,4,0,MLO,351.60
1988,12,24,6,0,MLO,351.30
1988,12,31,7,0,MLO,352.40
1989,01,07,7,0,MLO,352.70
1989,01,14,6,0,MLO,352.90
1989,01,21,7,0,MLO,352.50
1989,01,28,7,0,MLO,353.00
1989,02,04,5,0,MLO,352.80
1989,02,11,5,0,MLO,352.60
1989,02,18,6,0,MLO,353.20
1989,02,25,7,0,MLO,353.40
1989,03,04,7,0,MLO,353.10
1989,03,11,6,0,MLO,353.40
1989,03,18,6,0,MLO,353.50
1989,03,25,7,0,MLO,354.40
1989,04,01,7,0,MLO,354.50
1989,04,08,7,0,MLO,355.00
1989,04,15,4,0,MLO,355.40
1989,04,22,7,0,MLO,356.00
1989,04,29,6,0,MLO,355.90
1989,05,06,6,0,MLO,355.30
1989,05,13,5,0,MLO,355.80
1989,05,20,6,0,MLO,355.60
1989,05,27,4,0,MLO,355.70
1989,06,03,6,0,MLO,355.80
1989,06,10,6,0,MLO,355.00
1989,06,17,7,0,MLO,354.80
1989,06,24,5,0,MLO,354.90
1989,07,01,6,0,MLO,354.50
1989,07,08,4,0,MLO,354.70
1989,07,15,7,0,MLO,353.80
1989,07,22,6,0,MLO,353.10
1989,07,29,6,0,MLO,353.20
1989,08,05,6,0,MLO,352.60
1989,08,12,6,0,MLO,352.20
1989,08,19,5,0,MLO,351.10
1989,08,26,5,0,MLO,350.40
1989,09,02,7,0,MLO,350.70
1989,09,09,5,0,MLO,350.20
1989,09,16,6,0,MLO,349.40
1989,09,23,7,0,MLO,349.30
1989,09,30,1,0,MLO,349.70
1989,10,07,6,0,MLO,349.90
1989,10,14,6,0,MLO,349.70
1989,10,21,6,0,MLO,350.20
1989,10,28,7,0,MLO,350.40
1989,11,04,7,0,MLO,350.60
1989,11,11,6,0,MLO,351.20
1989,11,18,7,0,MLO,351.60
1989,11,25,5,0,MLO,351.40
1989,12,02,6,0,MLO,352.00
1989,12,09,4,0,MLO,352.10
1989,12,16,6,0,MLO,352.40
1989,12,23,5,0,MLO,352.50
1989,12,30,4,0,MLO,353.40
1990,01,06,7,0,MLO,353.40
1990,01,13,7,0,MLO,353.50
1990,01,20,7,0,MLO,353.80
1990,01,27,7,0,MLO,353.90
1990,02,03,7,0,MLO,354.10
1990,02,10,5,0,MLO,355.00
1990,02,17,7,0,MLO,354.80
1990,02,24,7,0,MLO,354.70
1990,03,03,3,0,MLO,355.70
1990,03,10,5,0,MLO,354.90
1990,03,17,7,0,MLO,355.80
1990,03,24,6,0,MLO,355.10
1990,03,31,6,0,MLO,355.90
1990,04,07,7,0,MLO,356.10
1990,04,14,7,0,MLO,355.90
1990,04,21,6,0,MLO,356.60
1990,04,28,4,0,MLO,356.10
1990,05,05,5,0,MLO,357.30
1990,05,12,5,0,MLO,357.00
1990,05,19,7,0,MLO,356.90
1990,05,26,6,0,MLO,357.10
1990,06,02,6,0,MLO,357.00
1990,06,09,7,0,MLO,356.60
1990,06,16,5,0,MLO,355.60
1990,06,23,7,0,MLO,355.50
1990,06,30,7,0,MLO,355.70
1990,07,07,7,0,MLO,355.50
1990,07,14,7,0,MLO,354.00
1990,07,21,6,0,MLO,354.50
1990,07,28,5,0,MLO,354.70
1990,08,04,5,0,MLO,353.50
1990,08,11,5,0,MLO,353.20
1990,08,18,7,0,MLO,352.90
1990,08,25,5,0,MLO,352.00
1990,09,01,4,0,MLO,350.90
1990,09,08,3,0,MLO,350.70
1990,09,15,6,0,MLO,351.30
1990,09,22,6,0,MLO,350.90
1990,09,29,3,0,MLO,350.90
1990,10,06,2,0,MLO,351.10
1990,10,13,7,0,MLO,351.00
1990,10,20,4,0,MLO,351.40
1990,10,27,3,0,MLO,351.40
1990,11,03,5,0,MLO,352.10
1990,11,10,7,0,MLO,352.60
1990,11,17,6,0,MLO,353.00
1990,11,24,5,0,MLO,353.10
1990,12,01,7,0,MLO,353.60
1990,12,08,6,0,MLO,354.00
1990,12,15,6,0,MLO,353.80
1990,12,22,7,0,MLO,354.50
1990,12,29,6,0,MLO,354.80
1991,01,05,7,0,MLO,354.20
1991,01,12,7,0,MLO,354.70
1991,01,19,6,0,MLO,354.80
1991,01,26,7,0,MLO,355.00
1991,02,02,7,0,MLO,355.20
1991,02,09,6,0,MLO,355.20
1991,02,16,7,0,MLO,356.40
1991,02,23,6,0,MLO,355.80
1991,03,02,7,0,MLO,356.40
1991,03,09,7,0,MLO,357.20
1991,03,16,6,0,MLO,357.60
1991,03,23,7,0,MLO,356.90
1991,03,30,5,0,MLO,357.90
1991,04,06,7,0,MLO,358.30
1991,04,13,7,0,MLO,357.80
1991,04,20,6,0,MLO,359.10
1991,04,27,7,0,MLO,359.20
1991,05,04,7,0,MLO,359.10
1991,05,11,7,0,MLO,358.90
1991,05,18,7,0,MLO,360.00
1991,05,25,7,0,MLO,359.00
1991,06,01,7,0,MLO,358.50
1991,06,08,6,0,MLO,358.40
1991,06,15,6,0,MLO,358.20
1991,06,22,5,0,MLO,358.10
1991,06,29,5,0,MLO,357.70
1991,07,06,6,0,MLO,357.20
1991,07,13,5,0,MLO,356.50
1991,07,20,7,0,MLO,355.20
1991,07,27,5,0,MLO,355.30
1991,08,03,4,0,MLO,354.80
1991,08,10,5,0,MLO,354.60
1991,08,17,5,0,MLO,353.70
1991,08,24,7,0,MLO,353.00
1991,08,31,6,0,MLO,353.20
1991,09,07,4,0,MLO,353.00
1991,09,14,7,0,MLO,352.10
1991,09,21,6,0,MLO,351.80
1991,09,28,5,0,MLO,351.60
1991,10,05,7,0,MLO,351.70
1991,10,12,6,0,MLO,352.10
1991,10,19,6,0,MLO,352.50
1991,10,26,7,0,MLO,352.70
1991,11,02,6,0,MLO,353.40
1991,11,09,7,0,MLO,353.70
1991,11,16,7,0,MLO,353.50
1991,11,23,7,0,MLO,353.80
1991,11,30,7,0,MLO,354.30
1991,12,07,4,0,MLO,354.50
1991,12,14,7,0,MLO,354.90
1991,12,21,6,0,MLO,355.20
1991,12,28,6,0,MLO,355.50
1992,01,04,6,0,MLO,355.60
1992,01,11,7,0,MLO,356.00
1992,01,18,4,0,MLO,356.10
1992,01,25,7,0,MLO,355.90
1992,02,01,5,0,MLO,356.00
1992,02,08,7,0,MLO,356.70
1992,02,15,6,0,MLO,357.30
1992,02,22,4,0,MLO,356.90
1992,02,29,7,0,MLO,356.50
1992,03,07,7,0,MLO,357.30
1992,03,14,5,0,MLO,357.80
1992,03,21,6,0,MLO,358.10
1992,03,28,6,0,MLO,358.40
1992,04,04,7,0,MLO,358.50
1992,04,11,5,0,MLO,358.90
1992,04,18,5,0,MLO,359.70
1992,04,25,6,0,MLO,359.20
1992,05,02,7,0,MLO,359.60
1992,05,09,7,0,MLO,359.70
1992,05,16,7,0,MLO,358.60
1992,05,23,7,0,MLO,359.60
1992,05,30,7,0,MLO,360.20
1992,06,06,7,0,MLO,360.00
1992,06,13,4,0,MLO,359.40
1992,06,20,7,0,MLO,358.70
1992,06,27,7,0,MLO,358.40
1992,07,04,5,0,MLO,358.40
1992,07,11,5,0,MLO,357.20
1992,07,18,5,0,MLO,356.30
1992,07,25,5,0,MLO,356.10
1992,08,01,2,0,MLO,354.90
1992,08,08,6,0,MLO,355.30
1992,08,15,6,0,MLO,355.30
1992,08,22,4,0,MLO,354.50
1992,08,29,3,0,MLO,354.30
1992,09,05,5,0,MLO,353.50
1992,09,12,6,0,MLO,353.60
1992,09,19,7,0,MLO,352.30
1992,09,26,7,0,MLO,352.70
1992,10,03,6,0,MLO,353.60
1992,10,10,5,0,MLO,353.30
1992,10,17,7,0,MLO,353.20
1992,10,24,7,0,MLO,353.50
1992,10,31,7,0,MLO,353.50
1992,11,07,7,0,MLO,353.90
1992,11,14,6,0,MLO,353.80
1992,11,21,7,0,MLO,354.50
1992,11,28,7,0,MLO,354.60
1992,12,05,7,0,MLO,354.80
1992,12,12,7,0,MLO,355.30
1992,12,19,7,0,MLO,355.40
1992,12,26,6,0,MLO,355.90
1993,01,02,6,0,MLO,356.20
1993,01,09,5,0,MLO,356.90
1993,01,16,6,0,MLO,356.70
1993,01,23,6,0,MLO,356.60
1993,01,30,7,0,MLO,357.00
1993,02,06,7,0,MLO,356.60
1993,02,13,7,0,MLO,357.20
1993,02,20,7,0,MLO,357.30
1993,02,27,5,0,MLO,357.60
1993,03,06,6,0,MLO,358.30
1993,03,13,5,0,MLO,358.50
1993,03,20,7,0,MLO,358.10
1993,03,27,4,0,MLO,358.80
1993,04,03,7,0,MLO,359.10
1993,04,10,6,0,MLO,358.80
1993,04,17,7,0,MLO,359.40
1993,04,24,7,0,MLO,360.00
1993,05,01,6,0,MLO,359.60
1993,05,08,7,0,MLO,359.70
1993,05,15,6,0,MLO,360.70
1993,05,22,6,0,MLO,360.60
1993,05,29,7,0,MLO,360.30
1993,06,05,7,0,MLO,359.70
1993,06,12,7,0,MLO,359.90
1993,06,19,7,0,MLO,359.30
1993,06,26,6,0,MLO,359.10
1993,07,03,6,0,MLO,357.90
1993,07,10,7,0,MLO,358.00
1993,07,17,4,0,MLO,358.10
1993,07,24,5,0,MLO,356.60
1993,07,31,5,0,MLO,356.50
1993,08,07,6,0,MLO,355.80
1993,08,14,5,0,MLO,355.90
1993,08,21,4,0,MLO,354.90
1993,08,28,4,0,MLO,354.70
1993,09,04,1,0,MLO,354.30
1993,09,11,6,0,MLO,353.20
1993,09,18,6,0,MLO,353.80
1993,09,25,6,0,MLO,353.80
1993,10,02,5,0,MLO,353.80
1993,10,09,6,0,MLO,353.80
1993,10,16,6,0,MLO,354.00
1993,10,23,6,0,MLO,354.40
1993,10,30,7,0,MLO,354.30
1993,11,06,6,0,MLO,354.70
1993,11,13,7,0,MLO,355.10
1993,11,20,7,0,MLO,355.60
1993,11,27,7,0,MLO,356.00
1993,12,04,6,0,MLO,356.20
1993,12,11,7,0,MLO,356.50
1993,12,18,7,0,MLO,356.90
1993,12,25,2,0,MLO,357.50
1994,01,01,6,0,MLO,358.10
1994,01,08,6,0,MLO,358.10
1994,01,15,7,0,MLO,358.40
1994,01,22,7,0,MLO,358.30
1994,01,29,7,0,MLO,358.70
1994,02,05,5,0,MLO,358.40
1994,02,12,6,0,MLO,358.60
1994,02,19,7,0,MLO,359.00
1994,02,26,5,0,MLO,359.60
1994,03,05,6,0,MLO,358.70
1994,03,12,7,0,MLO,359.80
1994,03,19,7,0,MLO,360.40
1994,03,26,6,0,MLO,360.80
1994,04,02,7,0,MLO,360.60
1994,04,09,7,0,MLO,361.00
1994,04,16,7,0,MLO,361.00
1994,04,23,5,0,MLO,361.30
1994,04,30,6,0,MLO,362.20
1994,05,07,5,0,MLO,361.60
1994,05,14,6,0,MLO,361.40
1994,05,21,2,0,MLO,361.70
1994,05,28,4,0,MLO,361.90
1994,06,04,6,0,MLO,361.00
1994,06,11,6,0,MLO,361.00
1994,06,18,6,0,MLO,360.90
1994,06,25,6,0,MLO,360.70
1994,07,02,6,0,MLO,360.20
1994,07,09,7,0,MLO,359.90
1994,07,16,7,0,MLO,359.40
1994,07,23,7,0,MLO,359.00
1994,07,30,5,0,MLO,358.80
1994,08,06,6,0,MLO,358.10
1994,08,13,1,0,MLO,357.50
1994,08,20,4,0,MLO,357.60
1994,08,27,6,0,MLO,356.30
1994,09,03,7,0,MLO,356.40
1994,09,10,6,0,MLO,356.40
1994,09,17,7,0,MLO,355.40
1994,09,24,7,0,MLO,355.50
1994,10,01,7,0,MLO,355.40
1994,10,08,7,0,MLO,355.80
1994,10,15,7,0,MLO,356.00
1994,10,22,7,0,MLO,356.30
1994,10,29,7,0,MLO,356.60
1994,11,05,7,0,MLO,356.90
1994,11,12,5,0,MLO,357.40
1994,11,19,7,0,MLO,357.90
1994,11,26,7,0,MLO,358.10
1994,12,03,7,0,MLO,358.40
1994,12,10,7,0,MLO,359.10
1994,12,17,7,0,MLO,359.20
1994,12,24,7,0,MLO,359.10
1994,12,31,7,0,MLO,359.50
1995,01,07,4,0,MLO,359.60
1995,01,14,7,0,MLO,360.20
1995,01,21,6,0,MLO,360.10
1995,01,28,7,0,MLO,360.00
1995,02,04,6,0,MLO,360.60
1995,02,11,6,0,MLO,361.00
1995,02,18,7,0,MLO,360.80
1995,02,25,7,0,MLO,361.30
1995,03,04,6,0,MLO,362.20
1995,03,11,7,0,MLO,361.20
1995,03,18,5,0,MLO,360.90
1995,03,25,5,0,MLO,362.00
1995,04,01,7,0,MLO,363.80
1995,04,08,7,0,MLO,363.40
1995,04,15,7,0,MLO,363.30
1995,04,22,7,0,MLO,362.80
1995,04,29,6,0,MLO,363.50
1995,05,06,7,0,MLO,363.20
1995,05,13,7,0,MLO,364.10
1995,05,20,7,0,MLO,364.10
1995,05,27,7,0,MLO,363.40
1995,06,03,6,0,MLO,363.90
1995,06,10,7,0,MLO,363.40
1995,06,17,6,0,MLO,362.90
1995,06,24,7,0,MLO,362.80
1995,07,01,6,0,MLO,362.50
1995,07,08,5,0,MLO,362.20
1995,07,15,6,0,MLO,361.90
1995,07,22,6,0,MLO,361.50
1995,07,29,7,0,MLO,360.90
1995,08,05,7,0,MLO,360.40
1995,08,12,5,0,MLO,359.20
1995,08,19,7,0,MLO,358.70
1995,08,26,6,0,MLO,359.20
1995,09,02,4,0,MLO,357.30
1995,09,09,7,0,MLO,358.50
1995,09,16,6,0,MLO,358.50
1995,09,23,6,0,MLO,358.20
1995,09,30,7,0,MLO,357.50
1995,10,07,7,0,MLO,357.60
1995,10,14,7,0,MLO,357.60
1995,10,21,7,0,MLO,358.00
1995,10,28,6,0,MLO,358.20
1995,11,04,6,0,MLO,359.10
1995,11,11,6,0,MLO,359.40
1995,11,18,7,0,MLO,359.60
1995,11,25,7,0,MLO,359.80
1995,12,02,7,0,MLO,360.10
1995,12,09,7,0,MLO,360.40
1995,12,16,7,0,MLO,360.50
1995,12,23,6,0,MLO,360.80
1995,12,30,5,0,MLO,361.70
1996,01,06,7,0,MLO,361.80
1996,01,13,7,0,MLO,362.00
1996,01,20,7,0,MLO,362.10
1996,01,27,4,0,MLO,362.20
1996,02,03,7,0,MLO,362.60
1996,02,10,7,0,MLO,363.10
1996,02,17,7,0,MLO,363.00
1996,02,24,7,0,MLO,364.00
1996,03,02,6,0,MLO,363.80
1996,03,09,7,0,MLO,363.60
1996,03,16,7,0,MLO,364.10
1996,03,23,6,0,MLO,364.50
1996,03,30,7,0,MLO,364.30
1996,04,06,7,0,MLO,364.50
1996,04,13,7,0,MLO,364.80
1996,04,20,7,0,MLO,364.40
1996,04,27,7,0,MLO,365.10
1996,05,04,7,0,MLO,364.90
1996,05,11,6,0,MLO,365.30
1996,05,18,7,0,MLO,365.70
1996,05,25,7,0,MLO,365.40
1996,06,01,7,0,MLO,364.80
1996,06,08,5,0,MLO,365.10
1996,06,15,7,0,MLO,365.20
1996,06,22,7,0,MLO,365.00
1996,06,29,7,0,MLO,364.30
1996,07,06,7,0,MLO,364.10
1996,07,13,7,0,MLO,363.70
1996,07,20,7,0,MLO,363.30
1996,07,27,7,0,MLO,362.80
1996,08,03,7,0,MLO,361.70
1996,08,10,6,0,MLO,362.10
1996,08,17,7,0,MLO,361.20
1996,08,24,7,0,MLO,360.80
1996,08,31,7,0,MLO,360.80
1996,09,07,4,0,MLO,359.80
1996,09,14,6,0,MLO,359.80
1996,09,21,7,0,MLO,359.00
1996,09,28,6,0,MLO,359.00
1996,10,05,7,0,MLO,359.40
1996,10,12,5,0,MLO,359.50
1996,10,19,4,0,MLO,359.80
1996,10,26,6,0,MLO,359.80
1996,11,02,4,0,MLO,359.90
1996,11,09,7,0,MLO,360.50
1996,11,16,5,0,MLO,360.70
1996,11,23,7,0,MLO,361.20
1996,11,30,4,0,MLO,361.40
1996,12,07,6,0,MLO,361.90
1996,12,14,5,0,MLO,362.60
1996,12,21,7,0,MLO,362.40
1996,12,28,7,0,MLO,362.60
1997,01,04,7,0,MLO,362.90
1997,01,11,7,0,MLO,363.00
1997,01,18,5,0,MLO,363.10
1997,01,25,7,0,MLO,363.50
1997,02,01,7,0,MLO,363.20
1997,02,08,6,0,MLO,364.10
1997,02,15,6,0,MLO,364.00
1997,02,22,5,0,MLO,364.20
1997,03,01,4,0,MLO,364.50
1997,03,08,4,0,MLO,364.10
1997,03,15,7,0,MLO,364.10
1997,03,22,6,0,MLO,364.70
1997,03,29,7,0,MLO,365.40
1997,04,05,7,0,MLO,365.80
1997,04,12,6,0,MLO,366.20
1997,04,19,3,0,MLO,366.60
1997,04,26,6,0,MLO,366.70
1997,05,03,7,0,MLO,366.70
1997,05,10,7,0,MLO,366.80
1997,05,17,7,0,MLO,367.00
1997,05,24,6,0,MLO,366.60
1997,05,31,6,0,MLO,366.30
1997,06,07,7,0,MLO,365.70
1997,06,14,5,0,MLO,365.60
1997,06,21,7,0,MLO,365.50
1997,06,28,6,0,MLO,365.10
1997,07,05,7,0,MLO,365.00
1997,07,12,7,0,MLO,364.60
1997,07,19,6,0,MLO,364.10
1997,07,26,7,0,MLO,363.80
1997,08,02,5,0,MLO,363.30
1997,08,09,4,0,MLO,363.30
1997,08,16,4,0,MLO,362.60
1997,08,23,7,0,MLO,361.50
1997,08,30,6,0,MLO,361.60
1997,09,06,7,0,MLO,360.60
1997,09,13,7,0,MLO,360.20
1997,09,20,7,0,MLO,360.00
1997,09,27,7,0,MLO,359.80
1997,10,04,7,0,MLO,360.50
1997,10,11,7,0,MLO,360.40
1997,10,18,7,0,MLO,361.00
1997,10,25,6,0,MLO,361.10
1997,11,01,7,0,MLO,361.70
1997,11,08,7,0,MLO,362.10
1997,11,15,7,0,MLO,362.00
1997,11,22,6,0,MLO,362.60
1997,11,29,7,0,MLO,363.50
1997,12,06,7,0,MLO,363.90
1997,12,13,6,0,MLO,363.90
1997,12,20,7,0,MLO,364.20
1997,12,27,7,0,MLO,365.00
1998,01,03,6,0,MLO,365.20
1998,01,10,7,0,MLO,365.30
1998,01,17,7,0,MLO,365.30
1998,01,24,7,0,MLO,365.30
1998,01,31,7,0,MLO,365.60
1998,02,07,7,0,MLO,366.00
1998,02,14,7,0,MLO,365.50
1998,02,21,3,0,MLO,366.00
1998,02,28,5,0,MLO,367.30
1998,03,07,7,0,MLO,367.00
1998,03,14,7,0,MLO,366.60
1998,03,21,7,0,MLO,367.40
1998,03,28,7,0,MLO,368.50
1998,04,04,7,0,MLO,368.60
1998,04,11,6,0,MLO,368.60
1998,04,18,7,0,MLO,368.00
1998,04,25,7,0,MLO,368.90
1998,05,02,6,0,MLO,369.10
1998,05,09,4,0,MLO,368.80
1998,05,16,6,0,MLO,368.50
1998,05,23,7,0,MLO,369.60
1998,05,30,7,0,MLO,369.70
1998,06,06,6,0,MLO,369.40
1998,06,13,7,0,MLO,368.80
1998,06,20,6,0,MLO,368.50
1998,06,27,6,0,MLO,368.30
1998,07,04,6,0,MLO,368.00
1998,07,11,7,0,MLO,367.50
1998,07,18,5,0,MLO,367.60
1998,07,25,7,0,MLO,367.30
1998,08,01,7,0,MLO,366.80
1998,08,08,6,0,MLO,366.40
1998,08,15,6,0,MLO,365.60
1998,08,22,3,0,MLO,365.60
1998,08,29,4,0,MLO,364.20
1998,09,05,7,0,MLO,364.70
1998,09,12,7,0,MLO,363.90
1998,09,19,7,0,MLO,363.50
1998,09,26,7,0,MLO,363.60
1998,10,03,7,0,MLO,364.00
1998,10,10,7,0,MLO,364.10
1998,10,17,7,0,MLO,364.40
1998,10,24,7,0,MLO,364.40
1998,10,31,6,0,MLO,364.70
1998,11,07,7,0,MLO,365.00
1998,11,14,7,0,MLO,365.40
1998,11,21,7,0,MLO,365.80
1998,11,28,7,0,MLO,366.00
1998,12,05,7,0,MLO,366.40
1998,12,12,6,0,MLO,366.70
1998,12,19,7,0,MLO,367.30
1998,12,26,7,0,MLO,367.30
1999,01,02,7,0,MLO,367.50
1999,01,09,7,0,MLO,367.80
1999,01,16,7,0,MLO,367.80
1999,01,23,7,0,MLO,368.30
1999,01,30,7,0,MLO,369.20
1999,02,06,7,0,MLO,369.10
1999,02,13,7,0,MLO,368.80
1999,02,20,7,0,MLO,369.00
1999,02,27,7,0,MLO,368.50
1999,03,06,7,0,MLO,368.10
1999,03,13,7,0,MLO,369.50
1999,03,20,7,0,MLO,370.20
1999,03,27,7,0,MLO,370.60
1999,04,03,7,0,MLO,371.10
1999,04,10,7,0,MLO,371.50
1999,04,17,7,0,MLO,371.00
1999,04,24,6,0,MLO,370.30
1999,05,01,6,0,MLO,370.80
1999,05,08,7,0,MLO,371.30
1999,05,15,6,0,MLO,371.00
1999,05,22,4,0,MLO,370.80
1999,05,29,6,0,MLO,370.30
1999,06,05,6,0,MLO,370.90
1999,06,12,7,0,MLO,370.30
1999,06,19,7,0,MLO,369.90
1999,06,26,7,0,MLO,369.90
1999,07,03,5,0,MLO,369.40
1999,07,10,7,0,MLO,370.10
1999,07,17,7,0,MLO,369.50
1999,07,24,6,0,MLO,368.60
1999,07,31,6,0,MLO,367.40
1999,08,07,7,0,MLO,367.60
1999,08,14,6,0,MLO,366.70
1999,08,21,7,0,MLO,366.40
1999,08,28,7,0,MLO,366.10
1999,09,04,7,0,MLO,364.10
1999,09,11,7,0,MLO,364.70
1999,09,18,6,0,MLO,365.20
1999,09,25,7,0,MLO,364.70
1999,10,02,7,0,MLO,364.50
1999,10,09,6,0,MLO,365.00
1999,10,16,7,0,MLO,364.90
1999,10,23,7,0,MLO,365.60
1999,10,30,7,0,MLO,365.70
1999,11,06,7,0,MLO,366.20
1999,11,13,7,0,MLO,366.70
1999,11,20,5,0,MLO,366.60
1999,11,27,7,0,MLO,367.10
1999,12,04,7,0,MLO,367.40
1999,12,11,7,0,MLO,368.00
1999,12,18,7,0,MLO,368.00
1999,12,25,7,0,MLO,368.20
2000,01,01,7,0,MLO,368.60
2000,01,08,7,0,MLO,368.50
2000,01,15,6,0,MLO,369.00
2000,01,22,5,0,MLO,369.80
2000,01,29,6,0,MLO,369.20
2000,02,05,5,0,MLO,369.10
2000,02,12,7,0,MLO,369.60
2000,02,19,7,0,MLO,369.30
2000,02,26,7,0,MLO,369.50
2000,03,04,6,0,MLO,370.00
2000,03,11,7,0,MLO,370.00
2000,03,18,7,0,MLO,370.90
2000,03,25,7,0,MLO,370.70
2000,04,01,7,0,MLO,370.90
2000,04,08,6,0,MLO,371.70
2000,04,15,6,0,MLO,371.80
2000,04,22,7,0,MLO,372.00
2000,04,29,7,0,MLO,371.30
2000,05,06,7,0,MLO,371.20
2000,05,13,7,0,MLO,371.70
2000,05,20,7,0,MLO,371.90
2000,05,27,7,0,MLO,371.80
2000,06,03,6,0,MLO,371.90
2000,06,10,7,0,MLO,371.60
2000,06,17,7,0,MLO,371.70
2000,06,24,4,0,MLO,371.30
2000,07,01,7,0,MLO,370.80
2000,07,08,6,0,MLO,370.00
2000,07,15,7,0,MLO,370.20
2000,07,22,7,0,MLO,369.70
2000,07,29,6,0,MLO,369.00
2000,08,05,6,0,MLO,368.70
2000,08,12,7,0,MLO,368.30
2000,08,19,5,0,MLO,367.70
2000,08,26,6,0,MLO,367.10
2000,09,02,7,0,MLO,367.20
2000,09,09,4,0,MLO,366.70
2000,09,16,4,0,MLO,366.20
2000,09,23,7,0,MLO,366.20
2000,09,30,7,0,MLO,366.40
2000,10,07,7,0,MLO,366.30
2000,10,14,7,0,MLO,366.60
2000,10,21,7,0,MLO,366.70
2000,10,28,7,0,MLO,367.30
2000,11,04,6,0,MLO,367.60
2000,11,11,7,0,MLO,368.00
2000,11,18,7,0,MLO,368.60
2000,11,25,7,0,MLO,368.30
2000,12,02,5,0,MLO,369.00
2000,12,09,6,0,MLO,369.60
2000,12,16,6,0,MLO,369.30
2000,12,23,7,0,MLO,369.50
2000,12,30,7,0,MLO,369.80
2001,01,06,6,0,MLO,369.80
2001,01,13,4,0,MLO,370.20
2001,01,20,7,0,MLO,369.90
2001,01,27,7,0,MLO,370.80
2001,02,03,6,0,MLO,371.30
2001,02,10,7,0,MLO,371.10
2001,02,17,7,0,MLO,371.70
2001,02,24,7,0,MLO,371.20
2001,03,03,6,0,MLO,372.20
2001,03,10,7,0,MLO,372.20
2001,03,17,6,0,MLO,372.10
2001,03,24,6,0,MLO,371.80
2001,03,31,6,0,MLO,372.00
2001,04,07,7,0,MLO,372.70
2001,04,14,7,0,MLO,372.70
2001,04,21,7,0,MLO,373.00
2001,04,28,7,0,MLO,372.70
2001,05,05,5,0,MLO,373.70
2001,05,12,7,0,MLO,373.90
2001,05,19,5,0,MLO,373.70
2001,05,26,7,0,MLO,373.90
2001,06,02,6,0,MLO,373.80
2001,06,09,7,0,MLO,373.10
2001,06,16,7,0,MLO,372.80
2001,06,23,7,0,MLO,372.90
2001,06,30,6,0,MLO,372.70
2001,07,07,4,0,MLO,372.10
2001,07,14,7,0,MLO,371.30
2001,07,21,4,0,MLO,371.20
2001,07,28,6,0,MLO,370.60
2001,08,04,6,0,MLO,369.90
2001,08,11,7,0,MLO,369.50
2001,08,18,6,0,MLO,369.30
2001,08,25,7,0,MLO,369.00
2001,09,01,6,0,MLO,368.40
2001,09,08,7,0,MLO,368.20
2001,09,15,7,0,MLO,368.00
2001,09,22,7,0,MLO,367.40
2001,09,29,7,0,MLO,367.40
2001,10,06,7,0,MLO,367.80
2001,10,13,7,0,MLO,367.60
2001,10,20,7,0,MLO,368.10
2001,10,27,6,0,MLO,368.70
2001,11,03,7,0,MLO,368.70
2001,11,10,3,0,MLO,368.80
2001,11,17,7,0,MLO,369.70
2001,11,24,7,0,MLO,370.30
2001,12,01,7,0,MLO,370.30
2001,12,08,7,0,MLO,370.80
2001,12,15,7,0,MLO,371.20
2001,12,22,6,0,MLO,371.30
2001,12,29,6,0,MLO,371.50
